0	0	1	2	1	1
1	3	4	5	1	1
2	6	7	8	1	1
3	9	10	11	1	1
4	8	12	6	1	1
5	13	14	15	1	1
6	1	16	2	1	1
7	5	17	3	1	1
8	18	19	20	1	1
9	21	22	23	1	1
10	11	24	9	1	1
11	25	26	27	1	1
12	15	28	13	1	1
13	29	30	31	1	1
14	29	32	30	1	1
15	33	34	35	1	1
16	35	34	36	1	1
17	37	38	39	1	1
18	38	40	39	1	1
19	41	42	43	1	1
20	43	42	44	1	1
21	45	46	47	1	1
22	48	49	50	1	1
23	51	52	53	1	1
24	54	55	56	1	1
25	57	58	59	1	1
26	60	61	62	1	1
27	63	64	65	1	1
28	66	67	68	1	1
29	68	69	66	1	1
30	70	46	45	1	1
31	71	19	18	1	1
32	23	22	72	1	1
33	73	67	74	1	1
34	25	75	26	1	1
35	76	77	39	1	1
36	39	40	76	1	1
37	78	79	80	1	1
38	80	81	78	1	1
39	82	83	84	1	1
40	84	85	82	1	1
41	86	87	88	1	1
42	89	90	91	1	1
43	35	36	92	1	1
44	92	93	35	1	1
45	91	94	89	1	1
46	95	96	97	1	1
47	98	99	100	1	1
48	100	101	98	1	1
49	29	102	103	1	1
50	103	32	29	1	1
51	104	105	103	1	1
52	106	105	104	1	1
53	103	102	104	1	1
54	107	108	109	1	1
55	110	101	100	1	1
56	109	111	107	1	1
57	31	30	112	1	1
58	98	34	33	1	1
59	33	99	98	1	1
60	86	85	84	1	1
61	84	87	86	1	1
62	82	77	76	1	1
63	76	83	82	1	1
64	113	38	37	1	1
65	41	114	115	1	1
66	115	42	41	1	1
67	78	94	91	1	1
68	91	79	78	1	1
69	116	81	80	1	1
70	97	117	95	1	1
71	100	118	110	1	1
72	80	119	116	1	1
73	104	120	106	1	1
74	88	121	86	1	1
75	112	122	31	1	1
76	37	123	113	1	1
77	124	125	126	1	1
78	126	127	124	1	1
79	74	67	66	1	1
80	53	128	51	1	1
81	56	129	54	1	1
82	48	130	131	1	1
83	132	10	9	1	1
84	133	134	135	1	1
85	59	136	57	1	1
86	65	137	63	1	1
87	66	125	74	1	1
88	62	138	60	1	1
89	50	139	48	1	1
90	20	140	18	1	1
91	23	141	21	1	1
92	15	14	142	1	1
93	143	144	89	1	1
94	74	145	73	1	1
95	146	73	147	1	1
96	148	61	60	1	1
97	51	149	52	1	1
98	150	151	152	1	1
99	59	58	153	1	1
100	154	63	155	1	1
101	156	157	158	1	1
102	159	160	161	1	1
103	89	144	90	1	1
104	28	58	162	1	1
105	163	61	24	1	1
106	164	53	165	1	1
107	131	130	166	1	1
108	167	168	169	1	1
109	170	152	171	1	1
110	165	54	164	1	1
111	49	172	50	1	1
112	135	134	173	1	1
113	47	174	45	1	1
114	153	28	15	1	1
115	9	24	148	1	1
116	155	25	154	1	1
117	175	12	176	1	1
118	152	151	171	1	1
119	177	178	179	1	1
120	152	130	150	1	1
121	8	7	180	1	1
122	167	169	1	1	1
123	171	3	170	1	1
124	64	181	65	1	1
125	126	125	66	1	1
126	161	160	182	1	1
127	183	157	156	1	1
128	2	140	0	1	1
129	4	141	5	1	1
130	153	58	28	1	1
131	24	61	148	1	1
132	147	120	146	1	1
133	169	168	184	1	1
134	176	144	175	1	1
135	185	54	165	1	1
136	177	186	178	1	1
137	26	174	27	1	1
138	48	139	130	1	1
139	185	55	54	1	1
140	158	187	156	1	1
141	161	188	159	1	1
142	6	12	175	1	1
143	149	189	52	1	1
144	27	190	25	1	1
145	25	190	154	1	1
146	191	192	193	1	1
147	193	192	194	1	1
148	55	172	56	1	1
149	73	145	147	1	1
150	195	55	185	1	1
151	196	55	195	1	1
152	197	198	199	1	1
153	149	200	189	1	1
154	201	202	203	1	1
155	63	137	155	1	1
156	199	204	197	1	1
157	205	206	207	1	1
158	136	208	209	1	1
159	200	173	189	1	1
160	149	126	200	1	1
161	126	66	200	1	1
162	210	211	212	1	1
163	213	214	215	1	1
164	216	217	142	1	1
165	218	219	220	1	1
166	220	219	221	1	1
167	222	151	150	1	1
168	214	223	215	1	1
169	224	225	226	1	1
170	227	228	229	1	1
171	230	214	213	1	1
172	231	232	233	1	1
173	234	235	236	1	1
174	237	238	239	1	1
175	230	213	240	1	1
176	241	242	243	1	1
177	229	217	227	1	1
178	244	245	246	1	1
179	247	248	231	1	1
180	249	250	251	1	1
181	252	217	253	1	1
182	254	255	256	1	1
183	248	232	231	1	1
184	240	257	230	1	1
185	258	259	260	1	1
186	142	217	229	1	1
187	261	262	263	1	1
188	264	265	266	1	1
189	243	242	267	1	1
190	151	220	221	1	1
191	266	268	269	1	1
192	230	257	270	1	1
193	271	272	268	1	1
194	273	274	275	1	1
195	270	257	276	1	1
196	277	278	279	1	1
197	280	281	282	1	1
198	283	284	285	1	1
199	266	248	247	1	1
200	212	211	286	1	1
201	287	238	237	1	1
202	288	289	290	1	1
203	246	277	244	1	1
204	263	262	285	1	1
205	291	292	64	1	1
206	269	248	266	1	1
207	282	281	293	1	1
208	226	235	224	1	1
209	285	262	283	1	1
210	294	295	296	1	1
211	297	298	286	1	1
212	265	299	300	1	1
213	301	255	254	1	1
214	254	219	218	1	1
215	287	302	242	1	1
216	255	237	239	1	1
217	303	304	305	1	1
218	303	91	304	1	1
219	267	306	243	1	1
220	307	295	294	1	1
221	257	308	276	1	1
222	309	306	267	1	1
223	310	311	240	1	1
224	253	217	216	1	1
225	224	235	234	1	1
226	227	235	228	1	1
227	21	4	312	1	1
228	266	265	268	1	1
229	268	300	271	1	1
230	313	314	315	1	1
231	283	245	284	1	1
232	236	235	227	1	1
233	64	292	316	1	1
234	222	220	151	1	1
235	317	265	264	1	1
236	246	245	318	1	1
237	319	320	321	1	1
238	322	323	324	1	1
239	325	326	327	1	1
240	284	245	244	1	1
241	328	329	330	1	1
242	331	305	332	1	1
243	292	333	316	1	1
244	326	334	327	1	1
245	237	302	287	1	1
246	331	335	305	1	1
247	268	272	269	1	1
248	336	250	249	1	1
249	337	338	339	1	1
250	212	298	340	1	1
251	233	232	224	1	1
252	305	304	332	1	1
253	341	177	179	1	1
254	342	343	344	1	1
255	345	306	309	1	1
256	346	347	343	1	1
257	348	349	350	1	1
258	351	352	353	1	1
259	290	289	354	1	1
260	324	320	319	1	1
261	287	242	241	1	1
262	343	347	344	1	1
263	355	356	357	1	1
264	358	359	360	1	1
265	361	338	337	1	1
266	362	335	331	1	1
267	363	364	365	1	1
268	366	367	368	1	1
269	369	370	371	1	1
270	309	372	345	1	1
271	373	203	374	1	1
272	375	350	376	1	1
273	377	350	375	1	1
274	378	203	373	1	1
275	379	380	381	1	1
276	382	383	384	1	1
277	385	386	387	1	1
278	388	228	226	1	1
279	351	389	352	1	1
280	390	391	392	1	1
281	300	259	258	1	1
282	393	394	395	1	1
283	396	397	29	1	1
284	398	399	263	1	1
285	400	401	402	1	1
286	403	404	405	1	1
287	398	281	280	1	1
288	406	407	408	1	1
289	409	410	411	1	1
290	412	22	413	1	1
291	405	404	414	1	1
292	415	416	417	1	1
293	215	223	418	1	1
294	419	420	421	1	1
295	381	422	423	1	1
296	375	424	377	1	1
297	324	319	322	1	1
298	425	426	427	1	1
299	312	4	428	1	1
300	429	430	431	1	1
301	431	432	429	1	1
302	433	434	435	1	1
303	436	382	437	1	1
304	228	235	226	1	1
305	350	349	376	1	1
306	400	402	438	1	1
307	438	439	400	1	1
308	440	441	442	1	1
309	443	444	445	1	1
310	446	447	448	1	1
311	256	255	449	1	1
312	450	314	313	1	1
313	451	343	342	1	1
314	349	382	436	1	1
315	280	399	398	1	1
316	318	245	452	1	1
317	227	217	252	1	1
318	453	454	455	1	1
319	224	232	225	1	1
320	456	447	446	1	1
321	457	341	179	1	1
322	458	175	459	1	1
323	460	461	462	1	1
324	463	374	464	1	1
325	465	466	210	1	1
326	467	424	468	1	1
327	469	470	132	1	1
328	429	432	471	1	1
329	251	250	338	1	1
330	472	473	474	1	1
331	330	329	475	1	1
332	476	477	478	1	1
333	479	480	481	1	1
334	427	426	482	1	1
335	421	420	310	1	1
336	464	374	483	1	1
337	371	484	369	1	1
338	365	364	336	1	1
339	485	486	487	1	1
340	488	489	490	1	1
341	276	308	371	1	1
342	323	491	477	1	1
343	430	477	431	1	1
344	360	359	492	1	1
345	420	311	310	1	1
346	493	494	495	1	1
347	496	497	498	1	1
348	322	491	323	1	1
349	468	424	375	1	1
350	400	439	499	1	1
351	500	501	502	1	1
352	324	323	503	1	1
353	445	444	490	1	1
354	293	273	282	1	1
355	504	505	506	1	1
356	507	508	509	1	1
357	510	511	512	1	1
358	513	514	515	1	1
359	516	517	518	1	1
360	158	519	520	1	1
361	431	477	476	1	1
362	449	255	239	1	1
363	286	298	212	1	1
364	357	356	426	1	1
365	521	522	523	1	1
366	490	524	488	1	1
367	502	501	525	1	1
368	526	19	527	1	1
369	528	190	27	1	1
370	379	381	423	1	1
371	372	529	530	1	1
372	531	532	533	1	1
373	534	524	535	1	1
374	471	432	536	1	1
375	348	350	537	1	1
376	423	422	538	1	1
377	539	335	362	1	1
378	352	389	540	1	1
379	541	294	442	1	1
380	294	296	542	1	1
381	499	439	543	1	1
382	544	545	546	1	1
383	524	547	535	1	1
384	548	549	550	1	1
385	551	552	409	1	1
386	553	397	396	1	1
387	554	555	556	1	1
388	213	315	557	1	1
389	437	382	384	1	1
390	512	511	558	1	1
391	260	259	320	1	1
392	559	228	388	1	1
393	560	394	393	1	1
394	561	562	563	1	1
395	371	370	564	1	1
396	425	357	426	1	1
397	490	489	565	1	1
398	566	567	568	1	1
399	569	570	571	1	1
400	506	505	572	1	1
401	573	272	271	1	1
402	226	225	574	1	1
403	575	191	378	1	1
404	576	577	578	1	1
405	541	307	294	1	1
406	509	372	507	1	1
407	240	311	257	1	1
408	293	274	273	1	1
409	370	579	439	1	1
410	246	278	277	1	1
411	300	299	259	1	1
412	580	420	419	1	1
413	581	582	583	1	1
414	584	190	528	1	1
415	345	372	509	1	1
416	585	289	288	1	1
417	586	33	35	1	1
418	411	410	586	1	1
419	195	587	415	1	1
420	372	530	507	1	1
421	588	589	590	1	1
422	407	455	408	1	1
423	417	416	591	1	1
424	253	216	592	1	1
425	593	22	412	1	1
426	594	595	596	1	1
427	479	532	480	1	1
428	504	597	598	1	1
429	375	376	167	1	1
430	599	86	600	1	1
431	402	401	445	1	1
432	601	602	603	1	1
433	348	382	349	1	1
434	604	510	605	1	1
435	606	19	526	1	1
436	599	600	607	1	1
437	353	352	608	1	1
438	609	610	611	1	1
439	554	612	613	1	1
440	263	399	261	1	1
441	614	615	616	1	1
442	617	406	618	1	1
443	296	295	619	1	1
444	310	240	557	1	1
445	609	620	621	1	1
446	268	265	300	1	1
447	621	620	622	1	1
448	623	624	625	1	1
449	626	627	628	1	1
450	439	579	543	1	1
451	629	518	630	1	1
452	369	484	631	1	1
453	632	497	496	1	1
454	633	634	571	1	1
455	428	4	3	1	1
456	621	610	609	1	1
457	309	529	372	1	1
458	635	636	637	1	1
459	183	156	638	1	1
460	639	640	641	1	1
461	642	239	643	1	1
462	644	645	646	1	1
463	483	374	647	1	1
464	648	649	650	1	1
465	651	284	244	1	1
466	467	468	0	1	1
467	414	652	653	1	1
468	442	441	654	1	1
469	428	3	171	1	1
470	655	295	307	1	1
471	349	436	656	1	1
472	351	657	389	1	1
473	658	234	236	1	1
474	659	660	661	1	1
475	569	571	662	1	1
476	663	422	381	1	1
477	369	579	370	1	1
478	664	665	222	1	1
479	503	430	666	1	1
480	667	668	669	1	1
481	670	671	672	1	1
482	301	237	255	1	1
483	673	671	670	1	1
484	457	179	674	1	1
485	675	65	676	1	1
486	5	677	678	1	1
487	679	106	680	1	1
488	458	459	681	1	1
489	477	491	478	1	1
490	682	392	683	1	1
491	684	471	536	1	1
492	685	686	451	1	1
493	687	688	689	1	1
494	690	691	692	1	1
495	693	599	645	1	1
496	613	612	578	1	1
497	353	608	693	1	1
498	355	694	695	1	1
499	547	444	696	1	1
500	697	698	699	1	1
501	337	253	592	1	1
502	700	481	701	1	1
503	616	615	702	1	1
504	395	394	460	1	1
505	617	407	406	1	1
506	642	449	239	1	1
507	618	412	703	1	1
508	618	406	704	1	1
509	705	238	287	1	1
510	644	353	645	1	1
511	706	707	708	1	1
512	689	688	539	1	1
513	440	442	542	1	1
514	557	466	465	1	1
515	709	710	540	1	1
516	711	501	500	1	1
517	503	323	430	1	1
518	508	712	509	1	1
519	430	323	477	1	1
520	598	597	713	1	1
521	515	514	714	1	1
522	715	716	515	1	1
523	488	524	534	1	1
524	344	545	544	1	1
525	717	718	719	1	1
526	572	720	721	1	1
527	722	351	644	1	1
528	723	706	708	1	1
529	421	310	465	1	1
530	724	441	440	1	1
531	374	203	647	1	1
532	704	405	593	1	1
533	533	532	479	1	1
534	414	404	725	1	1
535	315	466	557	1	1
536	362	575	378	1	1
537	639	726	640	1	1
538	727	728	379	1	1
539	726	555	554	1	1
540	729	563	261	1	1
541	507	530	730	1	1
542	731	522	521	1	1
543	732	479	700	1	1
544	733	734	735	1	1
545	736	579	369	1	1
546	737	514	655	1	1
547	682	683	715	1	1
548	719	567	566	1	1
549	718	567	719	1	1
550	738	422	663	1	1
551	722	657	351	1	1
552	646	619	739	1	1
553	740	354	741	1	1
554	742	553	743	1	1
555	744	489	488	1	1
556	525	745	746	1	1
557	435	434	745	1	1
558	747	68	748	1	1
559	405	749	593	1	1
560	256	449	750	1	1
561	751	589	588	1	1
562	752	50	196	1	1
563	753	532	531	1	1
564	392	577	576	1	1
565	754	755	756	1	1
566	757	758	755	1	1
567	107	759	758	1	1
568	608	352	710	1	1
569	760	761	762	1	1
570	290	391	390	1	1
571	763	341	457	1	1
572	764	450	765	1	1
573	766	767	768	1	1
574	769	175	458	1	1
575	57	209	770	1	1
576	771	177	341	1	1
577	669	772	773	1	1
578	774	712	508	1	1
579	603	602	775	1	1
580	776	777	713	1	1
581	777	778	713	1	1
582	563	262	261	1	1
583	736	779	453	1	1
584	780	781	782	1	1
585	702	783	784	1	1
586	631	785	779	1	1
587	786	617	643	1	1
588	787	788	785	1	1
589	789	790	791	1	1
590	738	488	534	1	1
591	792	793	794	1	1
592	377	795	496	1	1
593	366	368	584	1	1
594	796	270	745	1	1
595	797	467	606	1	1
596	798	799	800	1	1
597	801	441	724	1	1
598	526	573	802	1	1
599	482	803	804	1	1
600	381	380	500	1	1
601	469	132	9	1	1
602	363	365	452	1	1
603	805	806	807	1	1
604	205	808	809	1	1
605	110	810	811	1	1
606	623	812	813	1	1
607	658	561	814	1	1
608	729	261	815	1	1
609	816	478	817	1	1
610	818	508	507	1	1
611	630	819	629	1	1
612	820	733	735	1	1
613	821	791	733	1	1
614	460	790	789	1	1
615	822	594	823	1	1
616	795	632	496	1	1
617	540	389	823	1	1
618	689	539	463	1	1
619	20	19	606	1	1
620	556	612	554	1	1
621	696	444	443	1	1
622	645	599	607	1	1
623	467	0	20	1	1
624	578	577	613	1	1
625	824	541	654	1	1
626	522	590	523	1	1
627	291	64	63	1	1
628	698	825	826	1	1
629	153	15	559	1	1
630	53	52	827	1	1
631	213	215	315	1	1
632	445	490	565	1	1
633	598	828	829	1	1
634	548	830	549	1	1
635	697	699	602	1	1
636	831	832	833	1	1
637	834	450	635	1	1
638	678	677	835	1	1
639	836	767	88	1	1
640	837	209	183	1	1
641	317	299	265	1	1
642	838	839	840	1	1
643	661	660	841	1	1
644	841	842	843	1	1
645	844	845	784	1	1
646	778	598	713	1	1
647	700	701	546	1	1
648	737	655	516	1	1
649	631	787	785	1	1
650	701	719	566	1	1
651	787	580	788	1	1
652	846	550	847	1	1
653	848	717	719	1	1
654	849	386	385	1	1
655	550	850	538	1	1
656	851	852	560	1	1
657	853	423	538	1	1
658	270	435	745	1	1
659	802	486	485	1	1
660	801	463	464	1	1
661	854	855	687	1	1
662	440	856	857	1	1
663	594	858	859	1	1
664	860	272	573	1	1
665	861	862	860	1	1
666	859	863	709	1	1
667	864	865	855	1	1
668	747	866	397	1	1
669	312	867	750	1	1
670	276	564	435	1	1
671	368	367	868	1	1
672	556	555	751	1	1
673	445	401	443	1	1
674	751	555	589	1	1
675	848	481	869	1	1
676	870	871	872	1	1
677	291	154	873	1	1
678	276	371	564	1	1
679	565	434	433	1	1
680	865	303	874	1	1
681	759	100	875	1	1
682	819	828	778	1	1
683	876	649	648	1	1
684	877	878	879	1	1
685	880	5	678	1	1
686	881	92	882	1	1
687	883	62	884	1	1
688	339	885	886	1	1
689	814	563	729	1	1
690	887	264	247	1	1
691	888	889	890	1	1
692	891	508	818	1	1
693	730	530	844	1	1
694	569	395	789	1	1
695	892	793	792	1	1
696	342	344	544	1	1
697	893	615	614	1	1
698	851	894	754	1	1
699	644	351	353	1	1
700	742	747	553	1	1
701	799	654	800	1	1
702	368	873	584	1	1
703	664	222	895	1	1
704	896	897	870	1	1
705	871	285	872	1	1
706	897	692	870	1	1
707	897	898	692	1	1
708	897	355	898	1	1
709	353	693	645	1	1
710	396	29	31	1	1
711	388	226	574	1	1
712	331	8	575	1	1
713	541	442	654	1	1
714	899	900	901	1	1
715	428	171	221	1	1
716	839	761	760	1	1
717	363	452	562	1	1
718	518	517	630	1	1
719	902	903	904	1	1
720	885	905	886	1	1
721	814	729	233	1	1
722	561	563	814	1	1
723	729	815	231	1	1
724	815	887	247	1	1
725	906	275	626	1	1
726	275	627	626	1	1
727	907	491	322	1	1
728	908	909	910	1	1
729	499	543	775	1	1
730	543	911	603	1	1
731	731	912	913	1	1
732	735	734	914	1	1
733	844	530	845	1	1
734	915	916	601	1	1
735	546	545	917	1	1
736	918	616	702	1	1
737	568	551	919	1	1
738	662	133	393	1	1
739	920	560	393	1	1
740	561	905	363	1	1
741	921	705	922	1	1
742	239	238	643	1	1
743	498	923	924	1	1
744	498	497	923	1	1
745	743	894	925	1	1
746	567	552	551	1	1
747	686	926	451	1	1
748	927	309	267	1	1
749	421	928	929	1	1
750	929	367	366	1	1
751	708	510	604	1	1
752	510	512	605	1	1
753	798	800	464	1	1
754	801	724	689	1	1
755	539	373	463	1	1
756	724	857	687	1	1
757	467	20	606	1	1
758	848	930	717	1	1
759	482	426	803	1	1
760	651	244	804	1	1
761	691	931	692	1	1
762	898	932	690	1	1
763	362	378	373	1	1
764	622	620	933	1	1
765	754	934	757	1	1
766	868	935	936	1	1
767	291	63	154	1	1
768	165	827	937	1	1
769	387	386	327	1	1
770	938	59	388	1	1
771	229	228	559	1	1
772	748	146	866	1	1
773	562	262	563	1	1
774	511	828	819	1	1
775	337	339	253	1	1
776	939	321	940	1	1
777	941	499	942	1	1
778	941	400	499	1	1
779	543	603	775	1	1
780	543	579	911	1	1
781	943	944	912	1	1
782	911	579	736	1	1
783	945	737	946	1	1
784	947	602	601	1	1
785	845	529	918	1	1
786	715	683	716	1	1
787	631	484	787	1	1
788	701	481	848	1	1
789	787	948	580	1	1
790	472	474	788	1	1
791	366	949	950	1	1
792	921	238	705	1	1
793	617	642	643	1	1
794	703	449	642	1	1
795	951	706	723	1	1
796	823	389	952	1	1
797	723	708	953	1	1
798	795	487	632	1	1
799	487	954	632	1	1
800	421	465	928	1	1
801	797	424	467	1	1
802	801	689	463	1	1
803	373	374	463	1	1
804	855	688	687	1	1
805	955	956	856	1	1
806	344	347	900	1	1
807	685	586	957	1	1
808	957	97	686	1	1
809	854	115	864	1	1
810	865	874	855	1	1
811	958	448	959	1	1
812	448	447	960	1	1
813	482	961	446	1	1
814	961	279	456	1	1
815	897	356	355	1	1
816	528	47	962	1	1
817	558	819	630	1	1
818	406	408	403	1	1
819	759	963	758	1	1
820	468	375	167	1	1
821	905	364	363	1	1
822	365	336	964	1	1
823	965	966	964	1	1
824	660	967	968	1	1
825	545	900	899	1	1
826	969	970	971	1	1
827	697	602	947	1	1
828	972	973	974	1	1
829	975	976	977	1	1
830	978	979	161	1	1
831	980	56	981	1	1
832	113	982	983	1	1
833	984	84	985	1	1
834	184	986	987	1	1
835	988	989	990	1	1
836	623	625	991	1	1
837	906	939	940	1	1
838	889	773	890	1	1
839	773	772	890	1	1
840	992	908	993	1	1
841	910	909	994	1	1
842	995	996	838	1	1
843	997	998	999	1	1
844	1000	712	774	1	1
845	891	818	1001	1	1
846	841	1002	1003	1	1
847	944	536	912	1	1
848	641	640	776	1	1
849	737	516	946	1	1
850	736	631	779	1	1
851	918	892	616	1	1
852	395	460	789	1	1
853	1004	1005	1006	1	1
854	927	1007	892	1	1
855	568	342	544	1	1
856	919	451	342	1	1
857	944	597	504	1	1
858	572	951	720	1	1
859	723	1008	1009	1	1
860	594	859	823	1	1
861	705	287	241	1	1
862	704	593	412	1	1
863	645	607	646	1	1
864	724	440	857	1	1
865	345	509	1006	1	1
866	704	406	403	1	1
867	749	72	593	1	1
868	380	711	500	1	1
869	414	725	652	1	1
870	469	9	1010	1	1
871	574	225	1011	1	1
872	669	668	772	1	1
873	590	589	523	1	1
874	358	360	1012	1	1
875	1013	668	667	1	1
876	185	165	937	1	1
877	409	552	963	1	1
878	1014	1015	1016	1	1
879	489	434	565	1	1
880	970	1017	973	1	1
881	1018	806	1019	1	1
882	1020	1021	1022	1	1
883	877	973	878	1	1
884	976	493	977	1	1
885	834	635	637	1	1
886	1023	286	764	1	1
887	1024	808	1025	1	1
888	835	677	979	1	1
889	56	49	981	1	1
890	1026	164	1027	1	1
891	1028	810	112	1	1
892	881	982	92	1	1
893	836	88	1029	1	1
894	1030	116	766	1	1
895	1031	812	194	1	1
896	883	986	62	1	1
897	1032	169	184	1	1
898	989	1033	990	1	1
899	837	183	638	1	1
900	1034	1035	13	1	1
901	840	839	1036	1	1
902	1036	760	1037	1	1
903	816	1038	1039	1	1
904	997	1040	998	1	1
905	774	508	891	1	1
906	1041	1042	1043	1	1
907	1044	531	1001	1	1
908	841	660	842	1	1
909	1045	1046	1047	1	1
910	1048	941	1049	1	1
911	913	432	431	1	1
912	945	714	737	1	1
913	845	702	784	1	1
914	1050	715	714	1	1
915	715	515	714	1	1
916	615	783	702	1	1
917	918	529	927	1	1
918	1051	1052	1053	1	1
919	1054	722	513	1	1
920	550	538	847	1	1
921	794	301	254	1	1
922	644	646	739	1	1
923	412	413	703	1	1
924	705	241	1055	1	1
925	927	529	309	1	1
926	663	502	744	1	1
927	742	68	747	1	1
928	1056	1057	1058	1	1
929	525	1059	796	1	1
930	1005	345	1006	1	1
931	527	520	860	1	1
932	858	863	859	1	1
933	867	256	750	1	1
934	241	243	1060	1	1
935	428	221	867	1	1
936	331	332	8	1	1
937	933	761	622	1	1
938	762	761	933	1	1
939	754	757	755	1	1
940	222	150	895	1	1
941	1061	248	269	1	1
942	591	783	615	1	1
943	778	828	598	1	1
944	1052	1062	762	1	1
945	697	825	698	1	1
946	1063	1064	1065	1	1
947	161	182	1066	1	1
948	11	624	1067	1	1
949	628	888	907	1	1
950	890	816	817	1	1
951	908	1068	993	1	1
952	1068	1069	993	1	1
953	994	995	838	1	1
954	838	996	839	1	1
955	816	1039	478	1	1
956	1037	1062	1070	1	1
957	1040	1000	998	1	1
958	1071	712	1000	1	1
959	909	1072	994	1	1
960	891	1043	1073	1	1
961	1001	1041	1043	1	1
962	818	1044	1001	1	1
963	1039	1074	476	1	1
964	1074	913	476	1	1
965	1046	1075	1047	1	1
966	912	432	913	1	1
967	914	734	753	1	1
968	732	917	1045	1	1
969	776	640	1076	1	1
970	1077	945	946	1	1
971	786	921	916	1	1
972	1078	535	1079	1	1
973	845	918	702	1	1
974	1050	1080	1081	1	1
975	820	821	733	1	1
976	716	1082	1083	1	1
977	821	1084	791	1	1
978	792	794	1085	1	1
979	572	721	684	1	1
980	1058	1057	1086	1	1
981	1087	1088	1089	1	1
982	920	925	560	1	1
983	925	894	851	1	1
984	851	754	756	1	1
985	797	485	487	1	1
986	746	489	744	1	1
987	525	796	745	1	1
988	288	1090	1091	1	1
989	509	712	1006	1	1
990	1092	1093	1088	1	1
991	527	19	71	1	1
992	664	895	752	1	1
993	1093	576	578	1	1
994	1094	609	826	1	1
995	195	415	1095	1	1
996	871	398	263	1	1
997	362	331	575	1	1
998	180	191	575	1	1
999	718	552	567	1	1
1000	288	290	1090	1	1
1001	608	82	693	1	1
1002	15	229	559	1	1
1003	1096	783	591	1	1
1004	726	554	1097	1	1
1005	1098	1099	1100	1	1
1006	1098	493	1099	1	1
1007	1101	316	1102	1	1
1008	1103	48	131	1	1
1009	1103	49	48	1	1
1010	1104	147	1105	1	1
1011	1106	76	1107	1	1
1012	1108	89	1109	1	1
1013	1110	2	1111	1	1
1014	1110	1033	2	1	1
1015	1112	1113	1114	1	1
1016	1115	333	935	1	1
1017	888	890	817	1	1
1018	478	491	817	1	1
1019	1116	1069	1068	1	1
1020	840	1036	1116	1	1
1021	1000	774	1117	1	1
1022	994	1118	995	1	1
1023	1073	650	1117	1	1
1024	1051	1004	1071	1	1
1025	774	891	1073	1	1
1026	1118	1072	659	1	1
1027	1039	1038	1119	1	1
1028	753	531	1044	1	1
1029	841	843	1002	1	1
1030	1041	533	1120	1	1
1031	1047	673	1042	1	1
1032	842	1121	1122	1	1
1033	547	696	1122	1	1
1034	1121	780	1079	1	1
1035	776	1076	777	1	1
1036	629	778	777	1	1
1037	1076	1077	1123	1	1
1038	1124	1080	1077	1	1
1039	479	481	700	1	1
1040	922	947	916	1	1
1041	780	1078	1079	1	1
1042	1050	1081	682	1	1
1043	786	643	921	1	1
1044	1054	513	515	1	1
1045	1084	569	789	1	1
1046	1085	1125	614	1	1
1047	726	1097	1124	1	1
1048	740	741	822	1	1
1049	1087	1092	1088	1	1
1050	1087	1126	1092	1	1
1051	797	606	485	1	1
1052	526	527	573	1	1
1053	520	861	860	1	1
1054	859	709	540	1	1
1055	1092	1127	1093	1	1
1056	896	870	872	1	1
1057	861	1128	1011	1	1
1058	1061	269	862	1	1
1059	598	829	504	1	1
1060	1012	387	1129	1	1
1061	1013	1130	668	1	1
1062	1131	1132	1057	1	1
1063	611	610	1133	1	1
1064	1018	1019	1134	1	1
1065	1135	805	807	1	1
1066	1136	1063	1065	1	1
1067	1137	972	974	1	1
1068	1023	764	765	1	1
1069	1138	1115	1139	1	1
1070	1024	1025	1140	1	1
1071	1141	205	809	1	1
1072	978	161	1066	1	1
1073	1142	170	1143	1	1
1074	1144	51	1145	1	1
1075	1146	74	1147	1	1
1076	1028	112	1148	1	1
1077	1149	110	811	1	1
1078	1150	98	1151	1	1
1079	1152	113	983	1	1
1080	1030	766	768	1	1
1081	1153	78	1154	1	1
1082	1031	194	1155	1	1
1083	1156	623	813	1	1
1084	1157	11	1067	1	1
1085	1032	184	987	1	1
1086	1158	57	770	1	1
1087	1034	13	1159	1	1
1088	623	991	812	1	1
1089	264	266	247	1	1
1090	888	1160	889	1	1
1091	889	992	773	1	1
1092	889	1160	1161	1	1
1093	992	993	773	1	1
1094	908	910	1068	1	1
1095	910	994	838	1	1
1096	1036	1162	1116	1	1
1097	1162	1163	1116	1	1
1098	1036	1037	1162	1	1
1099	1036	839	760	1	1
1100	1164	1132	1162	1	1
1101	1165	1166	1164	1	1
1102	1070	999	1165	1	1
1103	999	876	1165	1	1
1104	1165	876	1167	1	1
1105	999	649	876	1	1
1106	994	1072	1118	1	1
1107	1118	1168	995	1	1
1108	1006	712	1071	1	1
1109	661	841	1003	1	1
1110	913	431	476	1	1
1111	1120	533	732	1	1
1112	1049	1133	1169	1	1
1113	1133	1170	1169	1	1
1114	731	521	943	1	1
1115	521	641	1171	1	1
1116	521	523	641	1	1
1117	776	713	1171	1	1
1118	713	597	1171	1	1
1119	1076	1123	777	1	1
1120	1077	946	1123	1	1
1121	492	781	780	1	1
1122	1050	682	715	1	1
1123	1084	789	791	1	1
1124	1051	1053	1172	1	1
1125	1172	902	1004	1	1
1126	948	420	580	1	1
1127	847	738	534	1	1
1128	1007	793	892	1	1
1129	569	662	395	1	1
1130	738	744	488	1	1
1131	738	663	744	1	1
1132	618	703	642	1	1
1133	640	726	1124	1	1
1134	721	924	684	1	1
1135	951	723	1009	1	1
1136	1087	1089	1086	1	1
1137	1089	1058	1086	1	1
1138	537	377	496	1	1
1139	919	685	451	1	1
1140	859	540	823	1	1
1141	413	750	703	1	1
1142	570	633	571	1	1
1143	954	1173	632	1	1
1144	366	584	949	1	1
1145	556	751	1058	1	1
1146	751	1056	1058	1	1
1147	901	288	1091	1	1
1148	1053	933	1174	1	1
1149	1175	955	856	1	1
1150	271	258	802	1	1
1151	527	860	573	1	1
1152	954	260	1176	1	1
1153	1176	503	1173	1	1
1154	751	588	1056	1	1
1155	1092	672	1127	1	1
1156	1092	1126	672	1	1
1157	1094	826	1177	1	1
1158	853	727	423	1	1
1159	482	804	961	1	1
1160	896	872	651	1	1
1161	285	284	872	1	1
1162	1178	1179	690	1	1
1163	312	428	867	1	1
1164	936	291	873	1	1
1165	938	388	574	1	1
1166	588	1013	1056	1	1
1167	442	294	542	1	1
1168	358	1012	1129	1	1
1169	1016	70	652	1	1
1170	586	35	957	1	1
1171	588	1130	1013	1	1
1172	481	480	869	1	1
1173	304	176	332	1	1
1174	365	964	318	1	1
1175	964	1180	318	1	1
1176	677	23	979	1	1
1177	622	761	996	1	1
1178	636	1181	976	1	1
1179	907	322	1182	1	1
1180	322	319	1182	1	1
1181	628	1160	888	1	1
1182	628	627	1160	1	1
1183	888	817	907	1	1
1184	890	772	816	1	1
1185	992	849	908	1	1
1186	849	909	908	1	1
1187	840	1116	1068	1	1
1188	910	838	840	1	1
1189	772	1038	816	1	1
1190	1037	1070	1164	1	1
1191	1070	997	999	1	1
1192	1165	1167	1166	1	1
1193	1040	1071	1000	1	1
1194	1040	1051	1071	1	1
1195	1040	1052	1051	1	1
1196	1168	1183	995	1	1
1197	1183	996	995	1	1
1198	914	753	1044	1	1
1199	843	1184	1002	1	1
1200	730	844	914	1	1
1201	1184	1048	1169	1	1
1202	942	1185	1049	1	1
1203	1185	1133	1049	1	1
1204	536	432	912	1	1
1205	521	1171	943	1	1
1206	911	453	1186	1	1
1207	844	784	735	1	1
1208	566	544	546	1	1
1209	701	848	719	1	1
1210	918	927	892	1	1
1211	792	614	616	1	1
1212	1084	570	569	1	1
1213	1167	1086	1166	1	1
1214	1086	1057	1166	1	1
1215	740	952	1083	1	1
1216	1125	893	614	1	1
1217	218	665	1085	1	1
1218	1124	1097	1080	1	1
1219	1187	902	1172	1	1
1220	944	504	506	1	1
1221	722	739	513	1	1
1222	1167	1087	1086	1	1
1223	876	1126	1167	1	1
1224	537	496	498	1	1
1225	851	756	852	1	1
1226	1125	1188	893	1	1
1227	750	449	703	1	1
1228	553	1189	743	1	1
1229	795	797	487	1	1
1230	1089	556	1058	1	1
1231	663	500	502	1	1
1232	348	383	382	1	1
1233	1053	762	933	1	1
1234	1052	762	1053	1	1
1235	210	1190	928	1	1
1236	405	414	749	1	1
1237	413	312	750	1	1
1238	954	1176	1173	1	1
1239	752	1095	1188	1	1
1240	958	427	448	1	1
1241	709	39	710	1	1
1242	864	80	865	1	1
1243	1011	1061	862	1	1
1244	1128	938	574	1	1
1245	466	211	210	1	1
1246	1013	1131	1056	1	1
1247	1056	1131	1057	1	1
1248	932	358	1178	1	1
1249	762	1062	760	1	1
1250	438	370	439	1	1
1251	625	199	991	1	1
1252	1160	325	1161	1	1
1253	475	1191	763	1	1
1254	1192	155	1193	1	1
1255	1194	103	1195	1	1
1256	1196	6	769	1	1
1257	989	18	1033	1	1
1258	887	1197	264	1	1
1259	1197	1198	317	1	1
1260	1198	906	940	1	1
1261	906	626	939	1	1
1262	626	628	1182	1	1
1263	628	907	1182	1	1
1264	993	1069	669	1	1
1265	1037	1164	1162	1	1
1266	1070	1165	1164	1	1
1267	1166	1132	1164	1	1
1268	1070	1062	997	1	1
1269	997	1062	1052	1	1
1270	1000	1117	998	1	1
1271	1117	649	998	1	1
1272	1004	1006	1071	1	1
1273	661	1003	1168	1	1
1274	730	914	1044	1	1
1275	1184	1169	1002	1	1
1276	1041	1120	1042	1	1
1277	1184	443	1048	1	1
1278	1048	1049	1169	1	1
1279	941	942	1049	1	1
1280	1186	601	603	1	1
1281	844	735	914	1	1
1282	1046	901	1091	1	1
1283	1121	492	780	1	1
1284	1076	1124	1077	1	1
1285	1186	455	915	1	1
1286	921	922	916	1	1
1287	784	783	820	1	1
1288	530	529	845	1	1
1289	794	793	301	1	1
1290	643	238	921	1	1
1291	1183	621	622	1	1
1292	1053	1174	1172	1	1
1293	1174	1187	1172	1	1
1294	1082	354	740	1	1
1295	925	851	560	1	1
1296	537	350	377	1	1
1297	927	267	1007	1	1
1298	487	486	954	1	1
1299	1163	1132	1131	1	1
1300	1089	612	556	1	1
1301	241	1060	1055	1	1
1302	708	604	953	1	1
1303	604	1199	953	1	1
1304	605	798	483	1	1
1305	898	690	692	1	1
1306	1179	691	690	1	1
1307	734	583	753	1	1
1308	639	555	726	1	1
1309	609	611	826	1	1
1310	1200	1022	1201	1	1
1311	666	430	429	1	1
1312	402	445	565	1	1
1313	293	281	691	1	1
1314	452	245	283	1	1
1315	996	761	839	1	1
1316	637	636	975	1	1
1317	975	636	976	1	1
1318	638	156	988	1	1
1319	988	156	989	1	1
1320	113	95	982	1	1
1321	814	233	234	1	1
1322	815	247	231	1	1
1323	993	669	773	1	1
1324	910	840	1068	1	1
1325	1162	1132	1163	1	1
1326	997	1052	1040	1	1
1327	774	1073	1117	1	1
1328	650	649	1117	1	1
1329	1168	1202	1183	1	1
1330	818	730	1044	1	1
1331	818	507	730	1	1
1332	842	1122	843	1	1
1333	499	775	942	1	1
1334	731	943	912	1	1
1335	917	899	1045	1	1
1336	641	776	1171	1	1
1337	629	819	778	1	1
1338	945	1050	714	1	1
1339	945	1080	1050	1	1
1340	1186	915	601	1	1
1341	453	455	1186	1	1
1342	700	546	917	1	1
1343	915	786	916	1	1
1344	785	1203	779	1	1
1345	701	566	546	1	1
1346	846	534	535	1	1
1347	846	847	534	1	1
1348	682	577	392	1	1
1349	568	567	551	1	1
1350	561	363	562	1	1
1351	721	1204	924	1	1
1352	1009	384	720	1	1
1353	822	823	952	1	1
1354	1008	1205	1009	1	1
1355	1206	1207	742	1	1
1356	377	424	795	1	1
1357	1173	497	632	1	1
1358	502	525	746	1	1
1359	796	230	270	1	1
1360	440	542	856	1	1
1361	1093	578	1088	1	1
1362	704	403	405	1	1
1363	469	1010	1205	1	1
1364	527	71	520	1	1
1365	503	666	1173	1	1
1366	564	433	435	1	1
1367	799	824	654	1	1
1368	1094	1177	1187	1	1
1369	244	277	804	1	1
1370	727	379	423	1	1
1371	923	429	471	1	1
1372	576	1208	390	1	1
1373	279	1201	456	1	1
1374	585	1209	289	1	1
1375	349	656	376	1	1
1376	495	494	711	1	1
1377	490	444	524	1	1
1378	283	262	562	1	1
1379	1191	341	763	1	1
1380	6	175	769	1	1
1381	1113	1035	1114	1	1
1382	1063	1022	1200	1	1
1383	992	1161	849	1	1
1384	1163	1069	1116	1	1
1385	1118	661	1168	1	1
1386	1118	659	661	1	1
1387	1039	476	478	1	1
1388	1039	1119	1074	1	1
1389	523	639	641	1	1
1390	916	947	601	1	1
1391	716	1083	1054	1	1
1392	785	1210	1203	1	1
1393	787	484	948	1	1
1394	580	472	788	1	1
1395	1054	657	722	1	1
1396	618	704	412	1	1
1397	1183	622	996	1	1
1398	1167	1126	1087	1	1
1399	663	381	500	1	1
1400	525	501	1059	1	1
1401	606	526	485	1	1
1402	1008	469	1205	1	1
1403	605	483	1211	1	1
1404	1010	437	1205	1	1
1405	437	384	1205	1	1
1406	685	957	686	1	1
1407	664	752	1188	1	1
1408	848	869	930	1	1
1409	752	196	1095	1	1
1410	196	195	1095	1	1
1411	71	158	520	1	1
1412	414	653	749	1	1
1413	1212	1213	718	1	1
1414	438	402	433	1	1
1415	901	585	288	1	1
1416	387	327	1129	1	1
1417	195	185	587	1	1
1418	706	829	707	1	1
1419	748	73	146	1	1
1420	876	648	1126	1	1
1421	475	329	1191	1	1
1422	977	493	1098	1	1
1423	981	49	1103	1	1
1424	990	1033	1110	1	1
1425	236	227	252	1	1
1426	817	491	907	1	1
1427	889	1161	992	1	1
1428	760	1062	1037	1	1
1429	1073	1214	650	1	1
1430	1075	673	1047	1	1
1431	1122	696	843	1	1
1432	1079	547	1122	1	1
1433	1077	1080	945	1	1
1434	1051	1172	1004	1	1
1435	1057	1132	1166	1	1
1436	566	568	544	1	1
1437	1082	740	1083	1	1
1438	568	919	342	1	1
1439	506	572	684	1	1
1440	1204	537	498	1	1
1441	502	746	744	1	1
1442	800	801	464	1	1
1443	539	362	373	1	1
1444	857	854	687	1	1
1445	710	352	540	1	1
1446	747	748	866	1	1
1447	448	960	959	1	1
1448	960	969	959	1	1
1449	520	519	861	1	1
1450	1011	225	1061	1	1
1451	871	263	285	1	1
1452	1176	324	503	1	1
1453	260	320	1176	1	1
1454	923	666	429	1	1
1455	665	220	222	1	1
1456	1013	667	1131	1	1
1457	365	318	452	1	1
1458	392	391	683	1	1
1459	765	450	834	1	1
1460	768	767	836	1	1
1461	770	209	837	1	1
1462	808	45	1025	1	1
1463	810	109	112	1	1
1464	1191	771	341	1	1
1465	886	905	658	1	1
1466	998	649	999	1	1
1467	1120	1045	1047	1	1
1468	1046	1091	1075	1	1
1469	1121	1079	1122	1	1
1470	1123	629	777	1	1
1471	732	533	479	1	1
1472	784	820	735	1	1
1473	581	734	733	1	1
1474	1215	570	1084	1	1
1475	1004	902	1005	1	1
1476	133	920	393	1	1
1477	1216	947	922	1	1
1478	617	618	642	1	1
1479	924	471	684	1	1
1480	384	383	720	1	1
1481	740	822	952	1	1
1482	389	657	952	1	1
1483	790	582	581	1	1
1484	460	462	790	1	1
1485	528	962	949	1	1
1486	1174	620	1094	1	1
1487	933	620	1174	1	1
1488	553	396	1189	1	1
1489	1094	620	609	1	1
1490	692	931	870	1	1
1491	932	1178	690	1	1
1492	709	863	37	1	1
1493	753	583	532	1	1
1494	558	630	824	1	1
1495	759	875	963	1	1
1496	1126	648	672	1	1
1497	1197	317	264	1	1
1498	1198	940	317	1	1
1499	1182	319	939	1	1
1500	891	1001	1043	1	1
1501	1042	1214	1043	1	1
1502	1001	531	1041	1	1
1503	1120	1047	1042	1	1
1504	673	1214	1042	1	1
1505	1120	732	1045	1	1
1506	1045	899	1046	1	1
1507	1046	899	901	1	1
1508	1076	640	1124	1	1
1509	516	518	946	1	1
1510	732	700	917	1	1
1511	917	545	899	1	1
1512	716	683	1082	1	1
1513	892	792	616	1	1
1514	1075	671	673	1	1
1515	1055	1216	922	1	1
1516	572	505	951	1	1
1517	707	510	708	1	1
1518	862	272	860	1	1
1519	270	276	435	1	1
1520	799	558	824	1	1
1521	427	482	446	1	1
1522	528	27	47	1	1
1523	154	190	873	1	1
1524	1128	574	1011	1	1
1525	402	565	433	1	1
1526	901	900	585	1	1
1527	904	903	1060	1	1
1528	514	1217	655	1	1
1529	185	937	587	1	1
1530	648	670	672	1	1
1531	165	53	827	1	1
1532	524	444	547	1	1
1533	583	582	480	1	1
1534	554	613	1097	1	1
1535	807	806	1018	1	1
1536	974	973	877	1	1
1537	297	286	1023	1	1
1538	809	808	1024	1	1
1539	835	979	978	1	1
1540	811	810	1028	1	1
1541	983	982	881	1	1
1542	1218	116	1030	1	1
1543	813	812	1031	1	1
1544	987	986	883	1	1
1545	1219	169	1032	1	1
1546	1114	1035	1034	1	1
1547	1191	1220	771	1	1
1548	886	658	236	1	1
1549	1197	282	1198	1	1
1550	1169	1170	1002	1	1
1551	1074	731	913	1	1
1552	535	547	1079	1	1
1553	780	782	1078	1	1
1554	820	1096	821	1	1
1555	474	1210	788	1	1
1556	580	419	472	1	1
1557	792	1085	614	1	1
1558	794	218	1085	1	1
1559	1183	1202	621	1	1
1560	721	383	1204	1	1
1561	1204	498	924	1	1
1562	513	1217	514	1	1
1563	1205	384	1009	1	1
1564	723	953	1008	1	1
1565	926	343	451	1	1
1566	604	1211	1199	1	1
1567	542	1175	856	1	1
1568	344	900	545	1	1
1569	930	1221	717	1	1
1570	958	425	427	1	1
1571	709	37	39	1	1
1572	895	50	752	1	1
1573	240	213	557	1	1
1574	8	180	575	1	1
1575	564	370	438	1	1
1576	1080	1097	1081	1	1
1577	558	511	819	1	1
1578	357	694	355	1	1
1579	358	1129	1178	1	1
1580	1179	293	691	1	1
1581	926	346	343	1	1
1582	361	329	328	1	1
1583	470	197	132	1	1
1584	468	1	0	1	1
1585	468	167	1	1	1
1586	199	201	991	1	1
1587	767	43	88	1	1
1588	1220	592	771	1	1
1589	339	252	253	1	1
1590	339	886	252	1	1
1591	658	814	234	1	1
1592	261	399	815	1	1
1593	906	273	275	1	1
1594	626	1182	939	1	1
1595	939	319	321	1	1
1596	443	401	1048	1	1
1597	941	401	400	1	1
1598	911	736	453	1	1
1599	714	514	737	1	1
1600	791	581	733	1	1
1601	705	1055	922	1	1
1602	506	684	536	1	1
1603	1204	348	537	1	1
1604	1189	894	743	1	1
1605	795	424	797	1	1
1606	1163	667	1069	1	1
1607	850	853	538	1	1
1608	850	958	959	1	1
1609	800	441	801	1	1
1610	654	441	800	1	1
1611	1174	1094	1187	1	1
1612	396	1222	1189	1	1
1613	873	190	584	1	1
1614	72	22	593	1	1
1615	368	936	873	1	1
1616	1128	1223	938	1	1
1617	300	258	271	1	1
1618	871	931	398	1	1
1619	1201	1224	456	1	1
1620	611	698	826	1	1
1621	455	454	408	1	1
1622	1220	337	592	1	1
1623	339	338	885	1	1
1624	729	231	233	1	1
1625	1197	280	282	1	1
1626	1043	1214	1073	1	1
1627	1003	1202	1168	1	1
1628	1002	1170	1003	1	1
1629	1170	1202	1003	1	1
1630	1041	531	533	1	1
1631	915	455	407	1	1
1632	820	783	1096	1	1
1633	1185	611	1133	1	1
1634	419	950	472	1	1
1635	419	929	950	1	1
1636	929	366	950	1	1
1637	944	506	536	1	1
1638	722	644	739	1	1
1639	275	326	627	1	1
1640	920	1206	925	1	1
1641	1206	742	743	1	1
1642	1131	667	1163	1	1
1643	850	959	853	1	1
1644	1207	68	742	1	1
1645	584	528	949	1	1
1646	798	464	483	1	1
1647	724	687	689	1	1
1648	539	688	335	1	1
1649	650	670	648	1	1
1650	885	364	905	1	1
1651	310	557	465	1	1
1652	97	1225	686	1	1
1653	854	956	115	1	1
1654	666	497	1173	1	1
1655	804	277	961	1	1
1656	803	651	804	1	1
1657	872	284	651	1	1
1658	269	272	862	1	1
1659	829	505	504	1	1
1660	327	334	1129	1	1
1661	757	107	758	1	1
1662	725	1016	652	1	1
1663	305	335	874	1	1
1664	59	559	388	1	1
1665	707	511	510	1	1
1666	452	283	562	1	1
1667	1180	246	318	1	1
1668	911	1186	603	1	1
1669	779	454	453	1	1
1670	736	369	631	1	1
1671	788	1210	785	1	1
1672	821	1215	1084	1	1
1673	950	473	472	1	1
1674	952	657	1083	1	1
1675	419	421	929	1	1
1676	852	394	560	1	1
1677	1125	664	1188	1	1
1678	1060	1226	1055	1	1
1679	604	605	1211	1	1
1680	1090	1227	1091	1	1
1681	747	397	553	1	1
1682	854	864	855	1	1
1683	368	868	936	1	1
1684	1216	697	947	1	1
1685	1187	903	902	1	1
1686	427	446	448	1	1
1687	210	212	1190	1	1
1688	279	1200	1201	1	1
1689	303	305	874	1	1
1690	875	409	963	1	1
1691	1021	1224	1201	1	1
1692	728	832	831	1	1
1693	59	153	559	1	1
1694	1064	1228	966	1	1
1695	201	193	991	1	1
1696	1135	1064	805	1	1
1697	1141	182	205	1	1
1698	1156	624	623	1	1
1699	1074	522	731	1	1
1700	602	699	775	1	1
1701	1123	518	629	1	1
1702	786	407	617	1	1
1703	1204	383	348	1	1
1704	893	591	615	1	1
1705	1069	667	669	1	1
1706	755	1213	1212	1	1
1707	1022	1021	1201	1	1
1708	1160	627	325	1	1
1709	627	326	325	1	1
1710	1136	1022	1063	1	1
1711	878	1021	879	1	1
1712	233	224	234	1	1
1713	716	1054	515	1	1
1714	794	254	218	1	1
1715	1119	1130	590	1	1
1716	275	274	326	1	1
1717	1206	743	925	1	1
1718	928	367	929	1	1
1719	573	271	802	1	1
1720	413	22	21	1	1
1721	961	456	446	1	1
1722	803	896	651	1	1
1723	396	31	1222	1	1
1724	861	1011	862	1	1
1725	523	589	639	1	1
1726	576	390	392	1	1
1727	894	934	754	1	1
1728	960	1017	970	1	1
1729	146	104	866	1	1
1730	766	41	767	1	1
1731	1113	1229	1035	1	1
1732	886	236	252	1	1
1733	1078	846	535	1	1
1734	791	790	581	1	1
1735	951	1009	720	1	1
1736	578	612	1088	1	1
1737	1093	1208	576	1	1
1738	870	931	871	1	1
1739	564	438	433	1	1
1740	923	497	666	1	1
1741	347	1209	585	1	1
1742	728	1230	379	1	1
1743	171	151	221	1	1
1744	1220	361	337	1	1
1745	923	471	924	1	1
1746	1008	470	469	1	1
1747	605	512	798	1	1
1748	1005	306	345	1	1
1749	802	258	486	1	1
1750	725	1231	1014	1	1
1751	673	670	1214	1	1
1752	1020	1022	1136	1	1
1753	1184	696	443	1	1
1754	1081	577	682	1	1
1755	619	1217	739	1	1
1756	1088	612	1089	1	1
1757	483	647	1211	1	1
1758	904	306	1005	1	1
1759	465	210	928	1	1
1760	413	21	312	1	1
1761	799	512	558	1	1
1762	256	219	254	1	1
1763	1176	320	324	1	1
1764	589	555	639	1	1
1765	1178	334	1179	1	1
1766	590	1130	588	1	1
1767	552	1213	963	1	1
1768	707	828	511	1	1
1769	249	965	336	1	1
1770	636	418	1181	1	1
1771	695	694	781	1	1
1772	1133	610	1170	1	1
1773	699	698	1185	1	1
1774	874	688	855	1	1
1775	932	359	358	1	1
1776	1129	334	1178	1	1
1777	15	142	229	1	1
1778	991	193	812	1	1
1779	1202	610	621	1	1
1780	1170	610	1202	1	1
1781	282	273	1198	1	1
1782	821	1096	1215	1	1
1783	846	548	550	1	1
1784	1119	590	522	1	1
1785	394	461	460	1	1
1786	961	277	279	1	1
1787	861	519	1128	1	1
1788	542	296	1175	1	1
1789	969	971	727	1	1
1790	829	828	707	1	1
1791	772	668	1038	1	1
1792	668	1130	1038	1	1
1793	1134	328	330	1	1
1794	1140	26	1232	1	1
1795	1119	522	1074	1	1
1796	1048	401	941	1	1
1797	942	699	1185	1	1
1798	946	518	1123	1	1
1799	1185	698	611	1	1
1800	492	359	781	1	1
1801	662	393	395	1	1
1802	1085	665	1125	1	1
1803	1038	1130	1119	1	1
1804	720	383	721	1	1
1805	581	583	734	1	1
1806	856	956	857	1	1
1807	1097	613	1081	1	1
1808	725	1014	1016	1	1
1809	594	596	858	1	1
1810	896	356	897	1	1
1811	415	417	1095	1	1
1812	9	148	1010	1	1
1813	963	1213	758	1	1
1814	875	410	409	1	1
1815	371	308	484	1	1
1816	935	333	292	1	1
1817	1171	597	943	1	1
1818	943	597	944	1	1
1819	915	407	786	1	1
1820	782	548	1078	1	1
1821	739	1217	513	1	1
1822	746	434	489	1	1
1823	1214	670	650	1	1
1824	1128	519	1223	1	1
1825	437	60	436	1	1
1826	869	462	930	1	1
1827	843	696	1184	1	1
1828	775	699	942	1	1
1829	745	434	746	1	1
1830	613	577	1081	1	1
1831	1091	1227	1075	1	1
1832	538	422	847	1	1
1833	550	549	850	1	1
1834	902	904	1005	1	1
1835	1189	934	894	1	1
1836	1060	903	1226	1	1
1837	672	671	1127	1	1
1838	1090	1208	1227	1	1
1839	1175	1233	955	1	1
1840	296	1234	1175	1	1
1841	346	1209	347	1	1
1842	1019	328	1134	1	1
1843	1065	1064	1135	1	1
1844	879	1021	1020	1	1
1845	1025	26	1140	1	1
1846	1066	182	1141	1	1
1847	1067	624	1156	1	1
1848	1198	273	906	1	1
1849	660	968	842	1	1
1850	1078	548	846	1	1
1851	492	968	360	1	1
1852	1055	1226	1216	1	1
1853	526	802	485	1	1
1854	685	411	586	1	1
1855	900	347	585	1	1
1856	462	461	930	1	1
1857	336	965	964	1	1
1858	767	41	43	1	1
1859	516	307	517	1	1
1860	953	470	1008	1	1
1861	954	486	260	1	1
1862	959	969	853	1	1
1863	898	695	932	1	1
1864	755	1212	756	1	1
1865	652	1235	653	1	1
1866	532	583	480	1	1
1867	1063	1228	1064	1	1
1868	948	311	420	1	1
1869	354	289	741	1	1
1870	1222	934	1189	1	1
1871	1216	825	697	1	1
1872	853	969	727	1	1
1873	803	356	896	1	1
1874	718	1213	552	1	1
1875	425	830	357	1	1
1876	279	278	1200	1	1
1877	936	292	291	1	1
1878	390	1208	1090	1	1
1879	257	311	308	1	1
1880	878	1224	1021	1	1
1881	805	966	965	1	1
1882	658	905	561	1	1
1883	849	385	909	1	1
1884	798	512	799	1	1
1885	267	242	1007	1	1
1886	426	356	803	1	1
1887	243	904	1060	1	1
1888	930	461	1221	1	1
1889	826	825	1177	1	1
1890	1175	1234	1233	1	1
1891	243	306	904	1	1
1892	1083	657	1054	1	1
1893	1125	665	664	1	1
1894	868	367	1190	1	1
1895	587	1236	415	1	1
1896	290	390	1090	1	1
1897	847	422	738	1	1
1898	1217	295	655	1	1
1899	415	1236	416	1	1
1900	937	634	633	1	1
1901	968	967	360	1	1
1902	335	688	874	1	1
1903	1215	1236	570	1	1
1904	655	307	516	1	1
1905	218	220	665	1	1
1906	893	417	591	1	1
1907	409	411	551	1	1
1908	549	830	425	1	1
1909	1199	470	953	1	1
1910	653	159	749	1	1
1911	824	517	541	1	1
1912	403	1237	404	1	1
1913	70	1235	652	1	1
1914	404	1231	725	1	1
1915	225	232	1061	1	1
1916	940	299	317	1	1
1917	1127	1208	1093	1	1
1918	354	391	290	1	1
1919	454	1237	408	1	1
1920	806	249	1019	1	1
1921	812	193	194	1	1
1922	1121	968	492	1	1
1923	1075	1227	671	1	1
1924	551	411	919	1	1
1925	749	159	72	1	1
1926	408	1237	403	1	1
1927	480	582	869	1	1
1928	1191	329	1220	1	1
1929	1226	825	1216	1	1
1930	1177	903	1187	1	1
1931	462	582	790	1	1
1932	571	1238	662	1	1
1933	355	695	898	1	1
1934	1010	60	437	1	1
1935	756	1221	852	1	1
1936	1226	903	1177	1	1
1937	327	386	325	1	1
1938	831	1230	728	1	1
1939	976	494	493	1	1
1940	782	830	548	1	1
1941	662	1238	133	1	1
1942	951	505	706	1	1
1943	717	1212	718	1	1
1944	484	308	948	1	1
1945	571	634	1238	1	1
1946	857	956	854	1	1
1947	1177	825	1226	1	1
1948	301	302	237	1	1
1949	325	386	1161	1	1
1950	887	280	1197	1	1
1951	1190	367	928	1	1
1952	671	1227	1127	1	1
1953	1016	1015	46	1	1
1954	215	313	315	1	1
1955	364	250	336	1	1
1956	972	970	973	1	1
1957	935	340	1115	1	1
1958	1227	1208	1127	1	1
1959	1138	333	1115	1	1
1960	340	298	1115	1	1
1961	1095	417	1188	1	1
1962	793	302	301	1	1
1963	781	359	695	1	1
1964	249	251	1019	1	1
1965	361	251	338	1	1
1966	630	517	824	1	1
1967	706	505	829	1	1
1968	850	549	958	1	1
1969	1061	232	248	1	1
1970	830	694	357	1	1
1971	1220	329	361	1	1
1972	782	694	830	1	1
1973	308	311	948	1	1
1974	1221	1212	717	1	1
1975	456	1224	447	1	1
1976	1203	454	779	1	1
1977	683	391	1082	1	1
1978	1059	1239	223	1	1
1979	1221	461	852	1	1
1980	326	274	334	1	1
1981	815	399	887	1	1
1982	385	1240	1072	1	1
1983	971	970	972	1	1
1984	635	418	636	1	1
1985	320	259	321	1	1
1986	869	582	462	1	1
1987	1100	831	833	1	1
1988	148	60	1010	1	1
1989	517	307	541	1	1
1990	781	694	782	1	1
1991	659	967	660	1	1
1992	852	461	394	1	1
1993	695	359	932	1	1
1994	756	1212	1221	1	1
1995	596	595	346	1	1
1996	964	966	1180	1	1
1997	1082	391	354	1	1
1998	822	595	594	1	1
1999	1188	417	893	1	1
2000	958	549	425	1	1
2001	758	1213	755	1	1
2002	966	1228	1180	1	1
2003	1203	1237	454	1	1
2004	473	1015	474	1	1
2005	919	411	685	1	1
2006	646	1234	619	1	1
2007	1199	197	470	1	1
2008	931	281	398	1	1
2009	806	965	249	1	1
2010	1072	1240	659	1	1
2011	1137	832	972	1	1
2012	1096	416	1215	1	1
2013	486	258	260	1	1
2014	380	495	711	1	1
2015	1236	633	570	1	1
2016	591	416	1096	1	1
2017	1014	1231	1210	1	1
2018	796	214	230	1	1
2019	619	1234	296	1	1
2020	242	302	1007	1	1
2021	447	1017	960	1	1
2022	316	333	1102	1	1
2023	842	968	1121	1	1
2024	334	274	1179	1	1
2025	937	633	587	1	1
2026	586	410	33	1	1
2027	949	473	950	1	1
2028	659	1240	967	1	1
2029	387	1240	385	1	1
2030	619	295	1217	1	1
2031	289	1209	741	1	1
2032	691	281	931	1	1
2033	805	965	806	1	1
2034	887	399	280	1	1
2035	46	1015	962	1	1
2036	360	967	1012	1	1
2037	909	385	1072	1	1
2038	212	340	1190	1	1
2039	1161	386	849	1	1
2040	727	971	728	1	1
2041	1064	966	805	1	1
2042	1210	1231	1203	1	1
2043	474	1014	1210	1	1
2044	418	223	1181	1	1
2045	1059	214	796	1	1
2046	962	473	949	1	1
2047	416	1236	1215	1	1
2048	223	1239	1181	1	1
2049	1012	1240	387	1	1
2050	1200	1228	1063	1	1
2051	501	1239	1059	1	1
2052	587	633	1236	1	1
2053	827	634	937	1	1
2054	607	1234	646	1	1
2055	1007	302	793	1	1
2056	600	1233	607	1	1
2057	867	219	256	1	1
2058	1237	1231	404	1	1
2059	474	1015	1014	1	1
2060	379	1230	380	1	1
2061	321	299	940	1	1
2062	221	219	867	1	1
2063	328	251	361	1	1
2064	967	1240	1012	1	1
2065	686	1225	926	1	1
2066	960	970	969	1	1
2067	1179	274	293	1	1
2068	711	1239	501	1	1
2069	1224	1017	447	1	1
2070	973	1017	878	1	1
2071	1203	1231	1237	1	1
2072	858	596	1225	1	1
2073	972	832	971	1	1
2074	1019	251	328	1	1
2075	741	595	822	1	1
2076	1139	298	297	1	1
2077	1016	46	70	1	1
2078	418	313	215	1	1
2079	1209	595	741	1	1
2080	878	1017	1224	1	1
2081	1099	831	1100	1	1
2082	346	595	1209	1	1
2083	764	314	450	1	1
2084	1233	1234	607	1	1
2085	47	46	962	1	1
2086	1102	333	1138	1	1
2087	935	292	936	1	1
2088	493	495	1099	1	1
2089	1180	278	246	1	1
2090	868	340	935	1	1
2091	971	832	728	1	1
2092	833	832	1137	1	1
2093	1181	494	976	1	1
2094	926	596	346	1	1
2095	962	1015	473	1	1
2096	1099	1230	831	1	1
2097	635	313	418	1	1
2098	259	299	321	1	1
2099	338	250	885	1	1
2100	1059	223	214	1	1
2101	885	250	364	1	1
2102	1190	340	868	1	1
2103	494	1239	711	1	1
2104	315	314	466	1	1
2105	380	1230	495	1	1
2106	1228	278	1180	1	1
2107	1200	278	1228	1	1
2108	495	1230	1099	1	1
2109	1225	596	926	1	1
2110	1115	298	1139	1	1
2111	286	211	764	1	1
2112	1181	1239	494	1	1
2113	450	313	635	1	1
2114	466	314	211	1	1
2115	211	314	764	1	1
2116	203	1241	201	1	1
2117	207	206	1235	1	1
2118	1223	208	136	1	1
2119	164	128	53	1	1
2120	986	1242	138	1	1
2121	1207	135	173	1	1
2122	96	123	863	1	1
2123	1222	122	108	1	1
2124	600	121	44	1	1
2125	138	1242	656	1	1
2126	189	1243	52	1	1
2127	1244	7	1196	1	1
2128	1199	198	197	1	1
2129	647	198	1211	1	1
2130	316	181	64	1	1
2131	1245	181	1101	1	1
2132	1246	1247	1104	1	1
2133	1248	143	1108	1	1
2134	1249	178	1112	1	1
2135	625	204	199	1	1
2136	52	1243	827	1	1
2137	634	1243	1238	1	1
2138	175	144	459	1	1
2139	216	1250	592	1	1
2140	771	1250	177	1	1
2141	1244	1251	7	1	1
2142	1207	69	68	1	1
2143	163	24	1157	1	1
2144	1159	28	162	1	1
2145	624	10	625	1	1
2146	1229	14	1035	1	1
2147	173	69	1207	1	1
2148	91	90	304	1	1
2149	397	102	29	1	1
2150	599	85	86	1	1
2151	608	77	82	1	1
2152	80	79	865	1	1
2153	92	36	882	1	1
2154	88	87	1029	1	1
2155	39	77	710	1	1
2156	100	99	875	1	1
2157	1150	34	98	1	1
2158	858	96	863	1	1
2159	103	105	1195	1	1
2160	984	87	84	1	1
2161	303	79	91	1	1
2162	84	83	985	1	1
2163	679	105	106	1	1
2164	98	101	1151	1	1
2165	1149	101	110	1	1
2166	1152	38	113	1	1
2167	1106	83	76	1	1
2168	76	40	1107	1	1
2169	112	30	1148	1	1
2170	766	114	41	1	1
2171	757	108	107	1	1
2172	810	111	109	1	1
2173	1153	94	78	1	1
2174	1218	81	116	1	1
2175	89	94	1109	1	1
2176	1194	32	103	1	1
2177	78	81	1154	1	1
2178	1222	108	934	1	1
2179	82	85	693	1	1
2180	104	102	866	1	1
2181	35	93	957	1	1
2182	956	42	115	1	1
2183	97	96	1225	1	1
2184	410	99	33	1	1
2185	600	44	1233	1	1
2186	45	207	70	1	1
2187	68	67	748	1	1
2188	130	139	150	1	1
2189	1196	7	6	1	1
2190	1211	198	1199	1	1
2191	54	129	164	1	1
2192	45	174	1025	1	1
2193	203	202	647	1	1
2194	677	141	23	1	1
2195	18	140	1033	1	1
2196	1247	120	147	1	1
2197	95	123	96	1	1
2198	108	122	109	1	1
2199	44	121	43	1	1
2200	162	58	1158	1	1
2201	1206	135	1207	1	1
2202	133	135	920	1	1
2203	1238	134	133	1	1
2204	884	61	163	1	1
2205	1101	181	316	1	1
2206	1104	1247	147	1	1
2207	1108	143	89	1	1
2208	1112	178	1113	1	1
2209	170	1252	152	1	1
2210	7	1251	180	1	1
2211	155	75	25	1	1
2212	50	172	196	1	1
2213	60	138	436	1	1
2214	895	139	50	1	1
2215	194	1251	1155	1	1
2216	51	127	149	1	1
2217	938	136	59	1	1
2218	827	1243	634	1	1
2219	169	16	1	1	1
2220	3	17	170	1	1
2221	2	16	1111	1	1
2222	1219	16	169	1	1
2223	880	17	5	1	1
2224	170	17	1143	1	1
2225	156	187	989	1	1
2226	979	188	161	1	1
2227	51	128	1145	1	1
2228	1026	128	164	1	1
2229	155	137	1193	1	1
2230	675	137	65	1	1
2231	147	145	1105	1	1
2232	1146	145	74	1	1
2233	592	1250	771	1	1
2234	332	12	8	1	1
2235	378	1241	203	1	1
2236	656	168	376	1	1
2237	1235	160	653	1	1
2238	519	157	1223	1	1
2239	26	75	1232	1	1
2240	1192	75	155	1	1
2241	205	207	808	1	1
2242	57	136	209	1	1
2243	164	129	1027	1	1
2244	980	129	56	1	1
2245	1157	24	11	1	1
2246	200	69	173	1	1
2247	1147	125	124	1	1
2248	674	1253	1254	1	1
2249	1254	1253	1249	1	1
2250	1255	1256	1245	1	1
2251	676	1256	1255	1	1
2252	1257	1258	1246	1	1
2253	680	1258	1257	1	1
2254	1259	1260	1248	1	1
2255	681	1260	1259	1	1
2256	1142	1252	170	1	1
2257	986	138	62	1	1
2258	982	117	92	1	1
2259	107	118	759	1	1
2260	115	119	864	1	1
2261	13	28	1159	1	1
2262	216	1261	1250	1	1
2263	11	10	624	1	1
2264	1035	14	13	1	1
2265	0	140	20	1	1
2266	21	141	4	1	1
2267	44	42	955	1	1
2268	710	77	608	1	1
2269	882	36	1262	1	1
2270	36	34	1262	1	1
2271	1262	34	1150	1	1
2272	1029	87	984	1	1
2273	957	93	97	1	1
2274	30	32	1263	1	1
2275	1233	44	955	1	1
2276	693	85	599	1	1
2277	110	111	810	1	1
2278	934	108	757	1	1
2279	1264	38	1152	1	1
2280	1151	101	1149	1	1
2281	1148	30	1263	1	1
2282	866	102	397	1	1
2283	1107	40	1264	1	1
2284	985	83	1106	1	1
2285	955	42	956	1	1
2286	1264	40	38	1	1
2287	1225	96	858	1	1
2288	1195	105	679	1	1
2289	1263	32	1194	1	1
2290	304	90	176	1	1
2291	875	99	410	1	1
2292	116	114	766	1	1
2293	1154	81	1218	1	1
2294	865	79	303	1	1
2295	1109	94	1153	1	1
2296	18	187	71	1	1
2297	72	188	23	1	1
2298	124	127	1144	1	1
2299	1144	127	51	1	1
2300	1250	186	177	1	1
2301	1243	134	1238	1	1
2302	748	67	73	1	1
2303	56	172	49	1	1
2304	43	121	88	1	1
2305	109	122	112	1	1
2306	113	123	95	1	1
2307	196	172	55	1	1
2308	130	1252	166	1	1
2309	27	174	47	1	1
2310	1025	174	26	1	1
2311	1033	140	2	1	1
2312	5	141	677	1	1
2313	1250	1261	1229	1	1
2314	1158	58	57	1	1
2315	920	135	1206	1	1
2316	152	1252	130	1	1
2317	178	186	1113	1	1
2318	92	117	93	1	1
2319	111	118	107	1	1
2320	114	119	115	1	1
2321	62	61	884	1	1
2322	149	127	126	1	1
2323	173	134	189	1	1
2324	1229	186	1250	1	1
2325	189	134	1243	1	1
2326	808	207	45	1	1
2327	459	144	143	1	1
2328	436	138	656	1	1
2329	150	139	895	1	1
2330	1155	1251	1244	1	1
2331	1223	136	938	1	1
2332	70	207	1235	1	1
2333	71	187	158	1	1
2334	159	188	72	1	1
2335	106	120	1247	1	1
2336	146	120	104	1	1
2337	193	1241	191	1	1
2338	1111	16	1219	1	1
2339	1143	17	880	1	1
2340	23	188	979	1	1
2341	989	187	18	1	1
2342	93	117	97	1	1
2343	110	118	111	1	1
2344	116	119	114	1	1
2345	1145	128	1026	1	1
2346	1193	137	675	1	1
2347	1105	145	1146	1	1
2348	176	12	332	1	1
2349	201	1241	193	1	1
2350	191	1241	378	1	1
2351	376	168	167	1	1
2352	158	157	519	1	1
2353	653	160	159	1	1
2354	1232	75	1192	1	1
2355	199	202	201	1	1
2356	66	69	200	1	1
2357	1027	129	980	1	1
2358	1245	1256	181	1	1
2359	1246	1258	1247	1	1
2360	1248	1260	143	1	1
2361	1249	1253	178	1	1
2362	197	204	132	1	1
2363	1235	206	160	1	1
2364	157	208	1223	1	1
2365	656	1242	168	1	1
2366	142	1261	216	1	1
2367	74	125	1147	1	1
2368	179	1253	674	1	1
2369	65	1256	676	1	1
2370	106	1258	680	1	1
2371	459	1260	681	1	1
2372	647	202	198	1	1
2373	166	1252	1142	1	1
2374	194	192	1251	1	1
2375	95	117	982	1	1
2376	759	118	100	1	1
2377	864	119	80	1	1
2378	1229	1261	14	1	1
2379	198	202	199	1	1
2380	10	204	625	1	1
2381	86	121	600	1	1
2382	31	122	1222	1	1
2383	863	123	37	1	1
2384	180	192	191	1	1
2385	90	144	176	1	1
2386	1113	186	1229	1	1
2387	209	208	183	1	1
2388	182	206	205	1	1
2389	184	1242	986	1	1
2390	178	1253	179	1	1
2391	181	1256	65	1	1
2392	1247	1258	106	1	1
2393	143	1260	459	1	1
2394	132	204	10	1	1
2395	14	1261	142	1	1
2396	1251	192	180	1	1
2397	168	1242	184	1	1
2398	183	208	157	1	1
2399	160	206	182	1	1
