0	-0.910674368030	-0.106425712888	0.063931373582	1
1	-0.944104287182	-0.062379863497	0.058939007531	1
2	-0.986507258613	-0.126649860499	0.061690048010	1
3	0.974210988185	-0.065327649411	0.061467809859	1
4	0.941500777647	-0.108297297900	0.056942571519	1
5	1.016023570413	-0.135383276905	0.059150174940	1
6	-0.893204898709	0.720799288519	0.065910965006	1
7	-0.909230391570	0.666532126308	0.060286601010	1
8	-0.833701515603	0.677090726477	0.062394027369	1
9	-0.917345757697	0.289715866782	0.062211225897	1
10	-0.918477439367	0.346301268231	0.062094340095	1
11	-0.981499580981	0.329031231806	0.059003721870	1
12	-0.829897589936	0.728853031990	0.064162910703	1
13	-0.887903005090	-0.649703153401	0.057314987069	1
14	-0.822325000959	-0.656061798404	0.060760124516	1
15	-0.824333854026	-0.599202836822	0.060873688913	1
16	-0.999035520130	-0.068896595198	0.060622647503	1
17	1.028823311826	-0.078337152312	0.059939111918	1
18	-0.909698901606	-0.204617736973	0.063581827432	1
19	-0.833715181457	-0.199718301807	0.062402365016	1
20	-0.872396501634	-0.154768335079	0.059542310888	1
21	0.899772827385	-0.156389702541	0.060318289417	1
22	0.864753006339	-0.203109626033	0.055625746582	1
23	0.936820677656	-0.205964079081	0.056008886326	1
24	-0.992523726859	0.273979674116	0.064509563412	1
25	0.866165598498	-0.647690220455	0.059028739903	1
26	0.933504054744	-0.594778537269	0.054074990216	1
27	0.849765177598	-0.603324607425	0.057262675902	1
28	-0.906561091512	-0.595569787693	0.064509849294	1
29	0.658291862347	0.873877668654	0.067962251913	1
30	0.607059807682	0.942447634615	0.064035939130	1
31	0.601187584473	0.872825559736	0.074148654001	1
32	0.662740429045	0.938416382212	0.075651284477	1
33	0.265381583018	0.928702766786	0.071560290510	1
34	0.264235509327	1.001265097720	0.063815671913	1
35	0.215398269375	0.951433333013	0.063888118542	1
36	0.209384625232	1.017531224175	0.072387840144	1
37	-0.033448560341	0.949617468592	0.062977073011	1
38	-0.030985460656	1.018094465253	0.068802480903	1
39	-0.090484932663	0.962643278472	0.066716064790	1
40	-0.088994035866	1.023974668423	0.062270086700	1
41	-0.450140078277	0.908965619269	0.061416969387	1
42	-0.424459890152	0.851436423622	0.064651805707	1
43	-0.397621348168	0.920031488048	0.067240436641	1
44	-0.374916282822	0.851821763547	0.063505512663	1
45	0.885761202432	-0.500577455270	0.055807159593	1
46	0.799169236614	-0.507993425448	0.058695868816	1
47	0.823344724082	-0.552581819346	0.057134338150	1
48	1.027949969898	0.141192539102	0.064709716251	1
49	1.024608649656	0.196195463128	0.060499336253	1
50	0.956685814981	0.174854167432	0.062840833413	1
51	0.967277535136	0.469414233282	0.069720814590	1
52	0.886404837965	0.467991412468	0.064403886425	1
53	0.935711495288	0.416548098989	0.067097902091	1
54	0.958819502814	0.316587935604	0.066135326521	1
55	0.937010307237	0.272562481845	0.061878253751	1
56	1.017773490867	0.254217943412	0.067135170522	1
57	-0.934775261308	-0.483058620366	0.064146975975	1
58	-0.921895575298	-0.538327683772	0.057358483822	1
59	-0.855499225869	-0.500933925675	0.062057537514	1
60	-0.931511218303	0.185312300571	0.062889649284	1
61	-0.998489128454	0.216486007957	0.059026443255	1
62	-1.004834384405	0.161055349397	0.064015063807	1
63	0.828243484606	-0.755269743354	0.058977431288	1
64	0.774157768290	-0.823733377332	0.062186784897	1
65	0.852033873856	-0.807246385701	0.054620935068	1
66	0.870648960458	0.625879886225	0.072678580370	1
67	0.838840903008	0.681557853667	0.063332468026	1
68	0.772423702979	0.665683580904	0.072511994944	1
69	0.806012042391	0.609156450106	0.065029162576	1
70	0.842985891912	-0.459587056665	0.057337454254	1
71	-0.853707899129	-0.246361981415	0.058787155753	1
72	0.881400340444	-0.250541884370	0.060276761673	1
73	0.858348905282	0.729799312711	0.072446012084	1
74	0.912462999198	0.682865349684	0.071651374747	1
75	0.924125592249	-0.650100086652	0.061889450891	1
76	-0.145389241316	1.004323219828	0.067842370482	1
77	-0.142545961968	0.930621850303	0.063154861030	1
78	-0.648796561752	0.912426477409	0.060536677486	1
79	-0.644168923025	0.834541197072	0.064814001524	1
80	-0.592809318727	0.879389352752	0.064270143037	1
81	-0.596658815260	0.945222311069	0.067748324794	1
82	-0.196299169173	0.947199363619	0.066029188412	1
83	-0.200831262649	1.010666647916	0.061864677120	1
84	-0.256562103627	0.992052618637	0.067299753446	1
85	-0.245725953402	0.916792798397	0.062310388917	1
86	-0.298628089831	0.936536061182	0.066589081715	1
87	-0.312580477717	0.999219094429	0.061844349882	1
88	-0.367506730923	0.974759449361	0.066472297449	1
89	-0.759391569982	0.878234136765	0.059757191049	1
90	-0.749483220431	0.811521155144	0.067420200261	1
91	-0.696734154600	0.849463902880	0.063161457690	1
92	0.153163637911	1.015348156710	0.063055852291	1
93	0.160925826461	0.947363599052	0.068976403333	1
94	-0.704329608394	0.914959352164	0.067751051850	1
95	0.065821044212	0.967596522527	0.064635719467	1
96	0.063063969640	0.896775355923	0.065317931004	1
97	0.113956843521	0.905126523417	0.065607479781	1
98	0.316595116426	0.982450027889	0.071359796884	1
99	0.313300115731	0.901710681164	0.062758068748	1
100	0.362088070168	0.929575208071	0.072567386397	1
101	0.371500017639	0.993276300569	0.065501943249	1
102	0.721574349792	0.827150078034	0.072060364241	1
103	0.713095925664	0.904003368530	0.065621610412	1
104	0.774343448338	0.841600033973	0.068951457144	1
105	0.769471196834	0.907330776902	0.075267184311	1
106	0.823676850436	0.878382179079	0.065781239600	1
107	0.453238170341	0.856869967382	0.069453641157	1
108	0.506522586632	0.826665646444	0.069656602311	1
109	0.508326565094	0.898352892848	0.067462138627	1
110	0.424093837763	0.968852117639	0.070680164073	1
111	0.458906275008	0.925096466630	0.073222140318	1
112	0.548317727844	0.948508722887	0.074845653498	1
113	0.024170838209	1.009865802676	0.063745299664	1
114	-0.500486599999	0.912912966434	0.066687594484	1
115	-0.487016068769	0.845182133378	0.063623091200	1
116	-0.540253719815	0.954189702851	0.060773218542	1
117	0.115602032383	0.976657543944	0.067619147086	1
118	0.412582897165	0.900092686802	0.063747642444	1
119	-0.543525896854	0.877336865529	0.063206786036	1
120	0.840116766086	0.811630639199	0.074855278712	1
121	-0.347455302927	0.903976002348	0.060209186987	1
122	0.553435923159	0.868509732523	0.066691465767	1
123	0.020918379512	0.937197512501	0.068251847351	1
124	1.044222365605	0.587893439933	0.068229342081	6
125	0.938002065248	0.628214650352	0.063944901050	1
126	0.928176059565	0.572252788902	0.070891032734	1
127	0.966506349074	0.525372748268	0.064123134082	1
128	0.996287480122	0.419895213607	0.062583406410	1
129	1.018406840092	0.311324191930	0.061114008269	1
130	1.023554784570	0.084618073845	0.060313532273	1
131	1.139337862097	0.117994922230	0.062201345851	6
132	-0.853741346224	0.324564946609	0.062776467851	1
133	0.693623992950	0.519094781265	0.065975772401	1
134	0.763831148254	0.514680447366	0.066392635751	1
135	0.716031755543	0.567467650185	0.068357805135	1
136	-0.882786473139	-0.449332904724	0.058061652695	1
137	0.886464470070	-0.756990959070	0.062541591210	1
138	-0.949255080766	0.133310646205	0.059442645378	1
139	0.973949558759	0.120622680158	0.061344590278	1
140	-0.933821159323	-0.156331153324	0.058732184697	1
141	0.961986408057	-0.159325580090	0.060899304280	1
142	-0.763411178643	-0.640968523084	0.064439947262	1
143	-0.818315948372	0.874779757113	0.068354474703	1
144	-0.806368252928	0.810085599762	0.059600731097	1
145	0.915047693091	0.738143111072	0.066192347147	1
146	0.801304306175	0.771926007607	0.064990006472	1
147	0.879782435584	0.782532537532	0.070220396680	1
148	-0.942798198405	0.238771155091	0.060898386122	1
149	0.905456046404	0.515112432801	0.067780185678	1
150	0.939627990879	0.079203754434	0.060770828054	1
151	0.906313678510	0.034332597134	0.061888839201	1
152	0.975168544369	0.033278547747	0.061736225284	1
153	-0.861955621288	-0.553022898089	0.059740420634	1
154	0.813833713558	-0.708547117426	0.059180237942	1
155	0.894049912425	-0.701740943009	0.054256662370	1
156	-0.953579887119	-0.306723230725	0.061308539459	1
157	-0.889141226321	-0.346931207136	0.056955058092	1
158	-0.872033486418	-0.297633586081	0.064611375677	1
159	0.900485375868	-0.300528381483	0.053658214610	1
160	0.922043880299	-0.348107076545	0.061875401563	1
161	0.982993022692	-0.307821765174	0.057429408986	1
162	-1.022881298077	-0.569847326200	0.060993979132	5
163	-1.105111034197	0.247174831210	0.061359015205	5
164	0.994084972699	0.364243700080	0.068532390107	1
165	0.912858407845	0.370568491832	0.062729175349	1
166	1.141097340212	0.065279077321	0.061793087177	6
167	-0.910976848371	-0.012568370869	0.064172956600	1
168	-0.940274420051	0.031174275692	0.058579758940	1
169	-0.993183586457	-0.015733316176	0.062406825402	1
170	1.023568526553	-0.022919551745	0.060034812286	1
171	0.945363379086	-0.013148289792	0.058909675096	1
172	0.969583498981	0.223527973607	0.062511617181	1
173	0.785280382573	0.562384659009	0.069138174206	1
174	0.892587546585	-0.552164793907	0.059660867434	1
175	-0.864965315914	0.775710369110	0.060346751975	1
176	-0.778442771509	0.765168786174	0.066760956669	1
177	-0.756835932915	-0.817852020926	0.059080580563	1
178	-0.839379605172	-0.814514511065	0.065180591756	1
179	-0.794504419171	-0.857213748802	0.065838843943	1
180	-0.865076175591	0.626486491336	0.065230271532	1
181	0.814038256335	-0.860689358878	0.054179779904	1
182	0.983500180875	-0.361715345529	0.057765658772	1
183	-0.953878756842	-0.359332218131	0.061145168644	1
184	-1.004099350729	0.038698738940	0.060674356754	1
185	0.886703896989	0.321975366675	0.066880515485	1
186	-0.800263065377	-0.776646683992	0.058982056244	1
187	-0.917623218086	-0.257238631284	0.058401813189	1
188	0.943856928625	-0.258051530980	0.060509944057	1
189	0.831689243044	0.515826747192	0.069019681345	1
190	0.793811453933	-0.659016515744	0.056219188781	1
191	-0.833451152283	0.582906441982	0.060348112277	1
192	-0.892999678035	0.574175705073	0.063532335505	1
193	-0.879283458331	0.522331869674	0.062425693731	1
194	-0.945064973605	0.552189862606	0.060616249821	1
195	0.866107090039	0.273552792486	0.061287381059	1
196	0.903490614525	0.224649024872	0.065479449393	1
197	-0.794603997254	0.369430276491	0.063408834691	1
198	-0.745458123708	0.414075685170	0.059502760192	1
199	-0.819861138310	0.421111777471	0.062932859958	1
200	0.853109055727	0.566515894789	0.065255476327	1
201	-0.834447582391	0.477606073145	0.059939934354	1
202	-0.772896933364	0.459133479778	0.065979244102	1
203	-0.752632832276	0.516458089867	0.060333404383	1
204	-0.862361303547	0.377977897630	0.061948363326	1
205	0.981110204332	-0.424684200442	0.060722209883	1
206	0.936396130475	-0.396916357743	0.053746066970	1
207	0.910947585596	-0.448106906740	0.060642029774	1
208	-0.905837690078	-0.395841606096	0.064644393995	1
209	-0.951672528595	-0.421798021758	0.057966559632	1
210	0.523633400005	-0.806389291292	0.055930424317	1
211	0.496029480255	-0.875177334903	0.057231761713	1
212	0.551710603366	-0.862714375738	0.060255277577	1
213	0.382223682629	-0.772785034327	0.060281449835	1
214	0.327514844375	-0.781782295497	0.056444990787	1
215	0.358434486431	-0.838172050911	0.060560184316	1
216	-0.713639063426	-0.700700768194	0.060815949844	1
217	-0.696565270555	-0.645125372579	0.061098595615	1
218	0.772135309981	0.031485537229	0.060948953511	1
219	0.810262362688	-0.014533982258	0.057743072008	1
220	0.841154582286	0.033983843527	0.061900087565	1
221	0.878846162844	-0.013180741884	0.058243183879	1
222	0.875835731034	0.083647701349	0.059206751779	1
223	0.304186367587	-0.848135030247	0.057368692867	1
224	-0.620525141603	-0.504519138753	0.062939671526	1
225	-0.669151641999	-0.452021289050	0.061527459423	1
226	-0.694556559761	-0.497699558569	0.059838361271	1
227	-0.671384066288	-0.598143795504	0.062253077983	1
228	-0.716417817751	-0.545879574274	0.063533858284	1
229	-0.743771920802	-0.592093629444	0.058035629968	1
230	0.352690491196	-0.717890610327	0.056043690668	1
231	-0.527498808214	-0.464750383400	0.061937590802	1
232	-0.594903331205	-0.458377135989	0.059592274852	1
233	-0.553017462797	-0.512919316319	0.060153474727	1
234	-0.579377702887	-0.561251475489	0.061710863154	1
235	-0.644944982296	-0.551299826246	0.059623087585	1
236	-0.605649452223	-0.611112960202	0.061854024868	1
237	0.638036663955	-0.067369132361	0.056387356353	1
238	0.606316912235	-0.122005474181	0.055426514719	1
239	0.670466883246	-0.115794751143	0.056623809995	1
240	0.407514100172	-0.709105482641	0.059384266441	1
241	0.513089517559	-0.063699426639	0.053608138815	1
242	0.541126132610	-0.013860504850	0.055120278524	1
243	0.476598328882	-0.010352751862	0.053082483509	1
244	-0.277890467541	-0.722472378308	0.059238260891	1
245	-0.331553926996	-0.717132288255	0.063055573784	1
246	-0.306631043469	-0.780279784311	0.063417319591	1
247	-0.504222157018	-0.415287846314	0.059380719982	1
248	-0.571814775470	-0.410834972390	0.061670558397	1
249	-0.475526470769	-0.872562997752	0.063130863880	1
250	-0.503293753940	-0.804304466363	0.063897952267	1
251	-0.531272760831	-0.860174671272	0.060101520524	1
252	-0.630694214668	-0.662494708688	0.059720336089	1
253	-0.652187287621	-0.715607968969	0.063838458522	1
254	0.740561593376	-0.015700126254	0.057787002651	1
255	0.706075849199	-0.064968052190	0.057756745294	1
256	0.774247878813	-0.063224652674	0.059448120630	1
257	0.378050532749	-0.655020639404	0.055959005841	1
258	-0.623046641681	-0.210393357433	0.060859724646	1
259	-0.555031828051	-0.211217175601	0.060149792858	1
260	-0.596078473714	-0.162118329391	0.060234003210	1
261	-0.428470915039	-0.532660711996	0.060566312071	1
262	-0.391177340258	-0.592762969178	0.061412379311	1
263	-0.368645757396	-0.538039194529	0.060485977865	1
264	-0.483300434759	-0.364542818770	0.060685526395	1
265	-0.530890737001	-0.313304489024	0.060151795724	1
266	-0.551337485517	-0.362085926243	0.060024068154	1
267	0.503707273718	0.039313479972	0.055035089439	1
268	-0.597796827250	-0.308734844740	0.061293849724	1
269	-0.619126944706	-0.357762854580	0.060119032150	1
270	0.323488351313	-0.662869441655	0.058920602948	1
271	-0.645937970457	-0.258511643424	0.060923250830	1
272	-0.666885440998	-0.305908715305	0.060556968606	1
273	-0.340087531302	-0.314304244575	0.055549415542	1
274	-0.281836320870	-0.317211494118	0.055234584898	1
275	-0.321532479005	-0.260732243830	0.054383903784	1
276	0.351492553403	-0.600472327952	0.057745384062	1
277	-0.252881416607	-0.787382923176	0.059089390493	1
278	-0.283485076932	-0.846463736278	0.063051028241	1
279	-0.229696152785	-0.854357396435	0.059810389547	1
280	-0.381586562688	-0.423996619342	0.058297579603	1
281	-0.324368867641	-0.426808316150	0.059120624045	1
282	-0.360600781149	-0.367743395822	0.058841040423	1
283	-0.358673466864	-0.654248909882	0.062339619550	1
284	-0.304113463332	-0.659729081406	0.059757830599	1
285	-0.333290166320	-0.597840384854	0.060240548681	1
286	0.538660814830	-0.927867451790	0.061761414088	1
287	0.575265025860	-0.069989400172	0.055123674570	1
288	0.064839548592	0.522602008894	0.059848253205	1
289	0.036971836437	0.582619961316	0.061596090676	1
290	0.012954455163	0.521587419267	0.059439412089	1
291	0.759149341012	-0.768189173595	0.055182932064	1
292	0.717320825181	-0.829046406149	0.055811639311	1
293	-0.302392257238	-0.372414566202	0.055975071207	1
294	-0.366029648977	0.606644749118	0.061494595594	1
295	-0.309829568250	0.612553007836	0.063391565779	1
296	-0.338309397526	0.669673534533	0.061733855789	1
297	0.567662295179	-1.034070420908	0.058840012296	8
298	0.593905746900	-0.915066610339	0.055960469030	1
299	-0.511084929678	-0.262675509895	0.059658894468	1
300	-0.577100155162	-0.260149338107	0.059871113262	1
301	0.671745196273	-0.017971731462	0.057725367056	1
302	0.604377370462	-0.017100790249	0.056563063840	1
303	-0.659934746744	0.776237865438	0.066231413335	1
304	-0.713264720831	0.773085506140	0.059671409494	1
305	-0.691913478741	0.720778367321	0.066923822362	1
306	0.437818953426	0.039632934562	0.052667191162	1
307	-0.341151845808	0.552084233303	0.063231446393	1
308	0.410038086572	-0.594392445796	0.055549379489	1
309	0.469144619676	0.090091674676	0.055021979426	1
310	0.462736536302	-0.700146644559	0.055878044874	1
311	0.435431113708	-0.646708441637	0.058410462827	1
312	0.876549619211	-0.108522796125	0.057235723733	1
313	0.386990232825	-0.897361765428	0.057840371721	1
314	0.441251453470	-0.886286999363	0.060082316272	1
315	0.412948398790	-0.829177995498	0.056461848692	1
316	0.757278520846	-0.874499838234	0.061962684319	1
317	-0.464710102843	-0.313369689245	0.058718503238	1
318	-0.360916962325	-0.771633689922	0.059545921254	1
319	-0.462854074525	-0.159145195102	0.057869733074	1
320	-0.528082151632	-0.160808992804	0.059358700586	1
321	-0.490636651758	-0.210509775619	0.058754402198	1
322	-0.433437474613	-0.107068110523	0.056572500760	1
323	-0.467446756502	-0.058492845016	0.058018778526	1
324	-0.499559934330	-0.109707743423	0.058732947293	1
325	-0.235212080780	-0.217354415012	0.047222552469	1
326	-0.261972683355	-0.263068611559	0.050954092106	1
327	-0.198364716723	-0.270476072507	0.049524994177	1
328	-0.572716700358	-0.913414915605	0.064643950569	1
329	-0.627508963701	-0.900188298897	0.058765749579	1
330	-0.603384610707	-1.018499565584	0.061490942501	8
331	-0.746311750338	0.670635155235	0.066512687477	1
332	-0.759652108279	0.717158266642	0.059922320076	1
333	0.703548079953	-0.888454714911	0.055708269566	1
334	-0.224395845299	-0.318416324668	0.052155603596	1
335	-0.672113743413	0.672756641860	0.060664108346	1
336	-0.447721952503	-0.815487630760	0.059490994694	1
337	-0.616543311983	-0.782209870634	0.064739377333	1
338	-0.559516411394	-0.792210060264	0.058956922911	1
339	-0.589302855214	-0.728914846640	0.058765831586	1
340	0.606743271377	-0.850416561670	0.056696184113	1
341	-0.737588116864	-0.874080820680	0.057731787285	1
342	0.190577874727	0.704037832118	0.064400511097	1
343	0.137726630472	0.704702690847	0.065428648325	1
344	0.167059155199	0.641922120175	0.063626805522	1
345	0.401798268082	0.087298082990	0.052308605411	1
346	0.084840682961	0.704198890792	0.062920790593	1
347	0.113547864340	0.643601764267	0.063379697123	1
348	-0.771823329074	0.083662483929	0.062248888126	1
349	-0.838708667275	0.084600942999	0.061753354408	1
350	-0.806800107185	0.035740484019	0.061666767438	1
351	-0.150827170010	0.755049696412	0.064390006040	1
352	-0.126561991998	0.816628700945	0.066027317873	1
353	-0.180151708408	0.809822452873	0.062387868293	1
354	-0.015570785593	0.580470484232	0.061211999548	1
355	-0.146192531451	-0.550511223575	0.059128785621	1
356	-0.169237063348	-0.611163215700	0.060866146888	1
357	-0.117728037244	-0.612716670401	0.057866399110	1
358	-0.131492673102	-0.377858336585	0.053688404016	1
359	-0.098191295034	-0.432265476072	0.055481072264	1
360	-0.073437707522	-0.376342075140	0.052320009395	1
361	-0.586871858975	-0.848492151374	0.063465239802	1
362	-0.719138265858	0.620558730702	0.062096070738	1
363	-0.443556834886	-0.698138496602	0.063312355795	1
364	-0.472049858137	-0.750466976244	0.059478494331	1
365	-0.416132156886	-0.762095858087	0.063622910757	1
366	0.650023987620	-0.675404290956	0.059714577527	1
367	0.607619205110	-0.731862634498	0.059971683172	1
368	0.671239361172	-0.724837828855	0.055252683455	1
369	0.429939747610	-0.487371759217	0.055848122786	1
370	0.368056131385	-0.487699414729	0.054225050587	1
371	0.387951412539	-0.541619521885	0.056832364068	1
372	0.432712153536	0.137993559311	0.055297718547	1
373	-0.696633736099	0.570090169094	0.064093378463	1
374	-0.672340266221	0.527745893145	0.062759663991	1
375	-0.843660313701	-0.010697952539	0.061789096576	1
376	-0.875882320621	0.038155399128	0.061369870752	1
377	-0.775128743824	-0.011437146721	0.061401958583	1
378	-0.767460564120	0.574772051293	0.063773774731	1
379	0.090215131035	-0.869707206198	0.060035684300	1
380	0.143736563999	-0.867404965971	0.059992464403	1
381	0.115860681416	-0.803132759717	0.058434029558	1
382	-0.813942045948	0.132052661914	0.061830293208	1
383	-0.743967280583	0.130383581839	0.061015615414	1
384	-0.781979981065	0.178245727009	0.063092350198	1
385	-0.101918890869	-0.224577756887	0.040140095476	1
386	-0.167707491522	-0.224745531386	0.042591547133	1
387	-0.134661542298	-0.273917752182	0.046705792087	1
388	-0.767401607228	-0.496605202720	0.058810023294	1
389	-0.097093515356	0.761107148442	0.062841560658	1
390	-0.013066947596	0.461341133977	0.056781077121	1
391	-0.039574953008	0.518880942222	0.060003808703	1
392	-0.067798587780	0.458733731173	0.057871511170	1
393	0.625074928789	0.529633610200	0.066565307436	1
394	0.557271663728	0.536077871029	0.067829760495	1
395	0.604080944374	0.479619697484	0.065718132788	1
396	0.627670678576	0.805827837602	0.070026693427	1
397	0.682425443049	0.789283337852	0.067187004858	1
398	-0.345422804803	-0.484023895411	0.059157606169	1
399	-0.404795144805	-0.478266356677	0.060778527084	1
400	0.290074489638	-0.433236642060	0.052900390758	1
401	0.233851059357	-0.429136472415	0.053586419882	1
402	0.252118514181	-0.488430600073	0.054188609242	1
403	0.701284570355	-0.317387381597	0.056973293059	1
404	0.725295088333	-0.365001530951	0.055317872880	1
405	0.768757492783	-0.308557150298	0.056421839865	1
406	0.678166558994	-0.269982099354	0.055367853966	1
407	0.611292746263	-0.275858128582	0.055817019583	1
408	0.634032607743	-0.324500033748	0.054832138443	1
409	0.305704910446	0.795786037571	0.067246077925	1
410	0.276814129324	0.857035180355	0.069942265632	1
411	0.243928876315	0.810809909458	0.065179445183	1
412	0.789145827074	-0.205883031053	0.057145001937	1
413	0.832012985099	-0.157291516961	0.059450045190	1
414	0.793517835574	-0.357716785781	0.056895964046	1
415	0.795579596202	0.271603932844	0.061809414509	1
416	0.724524326662	0.271710415645	0.062531879235	1
417	0.766747011753	0.222203188714	0.063970918488	1
418	0.333114246350	-0.907654666987	0.059997170008	1
419	0.560140149046	-0.632350324331	0.058723093488	1
420	0.495388529347	-0.639301927751	0.055676504167	1
421	0.521169937496	-0.689790424765	0.059121376357	1
422	0.088447370678	-0.738016712094	0.061275124589	1
423	0.063755927022	-0.804664169130	0.060295453178	1
424	-0.807857928049	-0.060195934872	0.061584405769	1
425	-0.091531272868	-0.673961826965	0.058867187700	1
426	-0.143872475830	-0.673019814838	0.061656376562	1
427	-0.118907277224	-0.736430431516	0.062361324485	1
428	0.909078753063	-0.060276987769	0.061275431969	1
429	-0.532234494437	0.035106650308	0.060329106236	1
430	-0.501111632634	-0.012473358857	0.059182178969	1
431	-0.463702316928	0.037214080805	0.058730990031	1
432	-0.498048609431	0.084580239547	0.059984953823	1
433	0.272352571605	-0.546284204843	0.056798327304	1
434	0.241937531844	-0.608688409515	0.058476677879	1
435	0.295550135936	-0.604219063968	0.055974498367	1
436	-0.881883463857	0.138887627178	0.062258634270	1
437	-0.852000522946	0.183662491807	0.061582386789	1
438	0.308803704999	-0.488594653803	0.055651781944	1
439	0.349189618676	-0.433532123946	0.054480391748	1
440	-0.449782060726	0.653644986008	0.061876638166	1
441	-0.485144064880	0.594516383151	0.061831927962	1
442	-0.424005119655	0.600619058024	0.064131680615	1
443	0.177667764960	-0.428606750346	0.052657158129	1
444	0.143725332525	-0.488108152634	0.054657791587	1
445	0.197601593129	-0.486328944459	0.055241523223	1
446	-0.146913765457	-0.799835691354	0.059259373625	1
447	-0.122336079752	-0.866401314483	0.060618692891	1
448	-0.094341619419	-0.802775476077	0.061855307583	1
449	0.737107965798	-0.112506323340	0.057107141774	1
450	0.427619011949	-0.952344177672	0.061875564899	1
451	0.158868317371	0.767941322983	0.064535907782	1
452	-0.386231519378	-0.708598213638	0.059803768963	1
453	0.520101840910	-0.380061321748	0.054167134772	1
454	0.588768099271	-0.378435461194	0.056021284070	1
455	0.567388238966	-0.329550973569	0.054926214099	1
456	-0.175890472444	-0.861445038965	0.061795040767	1
457	-0.771081435025	-0.975676731622	0.061861989453	8
458	-0.979804226486	0.810002439923	0.063279111340	5
459	-0.859654217993	0.832916368350	0.067668043228	1
460	0.537399232188	0.484899466031	0.064856898300	1
461	0.492863084905	0.540347858905	0.064299653517	1
462	0.470456746188	0.491220644200	0.066502031761	1
463	-0.617961648018	0.584857056010	0.061226349058	1
464	-0.598120302876	0.537196742181	0.064591074184	1
465	0.492584017088	-0.752485569473	0.059899760967	1
466	0.468270675322	-0.817384032478	0.060518223747	1
467	-0.844080293644	-0.107316832781	0.062038633800	1
468	-0.876555705755	-0.058130677869	0.059486710945	1
469	-0.837244077148	0.275944217269	0.062102570153	1
470	-0.779843855154	0.318928706688	0.061214192731	1
471	-0.567602992807	0.081215976044	0.060898931282	1
472	0.607869584895	-0.577561608872	0.057543219884	1
473	0.677753018615	-0.569721971965	0.058189234449	1
474	0.653691377411	-0.522445110576	0.055644947481	1
475	-0.659395055428	-1.004486310487	0.062112252239	8
476	-0.391378447562	0.037951708713	0.055778757960	1
477	-0.431363661061	-0.007873386925	0.057153961472	1
478	-0.360178811654	-0.008675265433	0.053280649857	1
479	0.316940194362	0.456172964682	0.060833033177	1
480	0.379025776982	0.451255132006	0.064434044758	1
481	0.340161389147	0.508012078265	0.064881063287	1
482	-0.171152699684	-0.733231982050	0.058795869094	1
483	-0.641745624800	0.481163482245	0.063071801928	1
484	0.450602754057	-0.537978155304	0.054982540225	1
485	-0.730202529907	-0.154400986951	0.062534397084	1
486	-0.663992648582	-0.160650632731	0.060918851251	1
487	-0.704597352670	-0.107758582847	0.060391090077	1
488	0.139147956239	-0.610916906269	0.059566350418	1
489	0.189958448354	-0.611356863907	0.056102019830	1
490	0.167321792774	-0.548265299278	0.056832754596	1
491	-0.399774350315	-0.055170866511	0.055152680186	1
492	-0.044410405822	-0.433745462249	0.054612370132	1
493	0.205604681652	-0.988020538328	0.062501256299	1
494	0.225825848277	-0.924167701467	0.059727297526	1
495	0.171905404485	-0.930243243419	0.060084885872	1
496	-0.707243410021	-0.013753636368	0.061183725822	1
497	-0.638308851824	-0.016666869301	0.061069177979	1
498	-0.669683923538	0.031796249766	0.061478138610	1
499	0.332391003927	-0.378847446971	0.051993945212	1
500	0.168431477131	-0.799858566579	0.060936383508	1
501	0.220687649651	-0.794994806926	0.056932122501	1
502	0.192024909345	-0.732810976693	0.060788869914	1
503	-0.535865807575	-0.063838506004	0.059602910732	1
504	-0.526225192211	0.224770663239	0.061496313208	1
505	-0.593313901849	0.221863616656	0.062834843667	1
506	-0.567993214800	0.175119448008	0.061215019995	1
507	0.399381548420	0.188812838612	0.055764901206	1
508	0.336584560822	0.187351155949	0.052795055881	1
509	0.367963401803	0.137016316629	0.052277812531	1
510	-0.597379272858	0.375928091258	0.063453171106	1
511	-0.533406207477	0.386633635769	0.062252405461	1
512	-0.556821368895	0.435513740479	0.063472575104	1
513	-0.201356604161	0.626245171675	0.062883894279	1
514	-0.227805182365	0.562839713035	0.062466856130	1
515	-0.172459613086	0.569319164473	0.060673936586	1
516	-0.318894335638	0.497512023551	0.060738408528	1
517	-0.379292268708	0.493950272704	0.063006702976	1
518	-0.359322135307	0.441390098483	0.060876132103	1
519	-0.825537446335	-0.342676212904	0.061378490578	1
520	-0.803587367110	-0.293084759319	0.059945335789	1
521	-0.366947680842	0.181558688535	0.057682860545	1
522	-0.325632194997	0.133705461616	0.054147509987	1
523	-0.298871231569	0.182093693887	0.054541817162	1
524	0.115058396582	-0.549918828989	0.056663686944	1
525	0.245139840290	-0.730058927809	0.056500580942	1
526	-0.756913688863	-0.200763061123	0.059584607859	1
527	-0.781895330299	-0.245769570789	0.062365894385	1
528	0.774795823310	-0.608677181327	0.059826408159	1
529	0.501751205508	0.138041283298	0.057595791037	1
530	0.465127975175	0.186810549296	0.057512512106	1
531	0.338550548210	0.346995685503	0.059802455547	1
532	0.357677077476	0.400428269163	0.060306714828	1
533	0.297195135238	0.401533355672	0.061234040379	1
534	0.087858693947	-0.610827074763	0.055997346007	1
535	0.062633977573	-0.551391067482	0.057345048685	1
536	-0.535136040289	0.129509791152	0.061297963427	1
537	-0.738200942740	0.035563608057	0.061610325122	1
538	0.036575742227	-0.738887714268	0.057846417659	1
539	-0.647158802188	0.625985368756	0.065712547672	1
540	-0.073362597274	0.821404167487	0.062215024125	1
541	-0.401326665023	0.546884839971	0.061422969617	1
542	-0.393196011386	0.662409648639	0.064349682293	1
543	0.393127225413	-0.381700944804	0.053337158645	1
544	0.220338541457	0.641467295938	0.064412784652	1
545	0.195792634719	0.580239640141	0.063272810944	1
546	0.249268455532	0.576140387484	0.063152473363	1
547	0.089743176520	-0.490363271225	0.055630204414	1
548	-0.015260047719	-0.612648292654	0.056564713694	1
549	-0.039652144394	-0.674791438397	0.060145986566	1
550	0.011503985177	-0.674009364417	0.059682642071	1
551	0.275885269498	0.748713833536	0.066253764773	1
552	0.337166809636	0.733128464257	0.066637333515	1
553	0.654274615858	0.733936697940	0.071323838311	1
554	-0.176884836869	0.290620192792	0.051238993301	1
555	-0.208982000310	0.237788638836	0.050731034131	1
556	-0.143376829462	0.244054057948	0.046159703596	1
557	0.436944747889	-0.763930591511	0.055976844613	1
558	-0.488210699452	0.439652526319	0.062243427814	1
559	-0.792349166801	-0.544363047110	0.062574321584	1
560	0.578541631073	0.586532555920	0.065540503337	1
561	-0.478121913169	-0.636248965254	0.062664307124	1
562	-0.416498540794	-0.646019621861	0.060163502313	1
563	-0.452622784626	-0.585274693898	0.060719039581	1
564	0.329033364983	-0.544245369894	0.055112726588	1
565	0.218517413730	-0.547986033108	0.055712915411	1
566	0.276461157044	0.630728963492	0.065158908194	1
567	0.305723065623	0.684007405946	0.065837781161	1
568	0.249028124684	0.694897535778	0.065500492489	1
569	0.647974598380	0.422680569951	0.064021339468	1
570	0.697682161907	0.370689282216	0.065227837690	1
571	0.719770523403	0.417985824215	0.065291096495	1
572	-0.639530378112	0.175655692437	0.062328135389	1
573	-0.715300559032	-0.254730321640	0.061703662222	1
574	-0.742675832626	-0.445694972370	0.062872100527	1
575	-0.791943898871	0.630240989048	0.063250608813	1
576	-0.043323672504	0.403746132553	0.054100700854	1
577	-0.100369628845	0.399924801849	0.055443286880	1
578	-0.075976122041	0.348216019457	0.050795323274	1
579	0.411317187592	-0.434638598038	0.054056609897	1
580	0.537582744699	-0.584020019112	0.055339627029	1
581	0.489991912933	0.388731405916	0.063397495584	1
582	0.445356039236	0.444325297468	0.062845341634	1
583	0.421729036461	0.396896960482	0.063168358340	1
584	0.722443741684	-0.665697315662	0.056760841718	1
585	0.089424914410	0.583709395049	0.061773618297	1
586	0.222793266724	0.875528675913	0.064954547841	1
587	0.816679707290	0.320408446230	0.066188312206	1
588	-0.186182198215	0.140481992056	0.041277667880	1
589	-0.232091695790	0.185716729132	0.049773144648	1
590	-0.254772598520	0.135809178167	0.048272967753	1
591	0.696102532685	0.225071479679	0.062412416459	1
592	-0.675219054198	-0.772115121250	0.058142455672	1
593	0.812943597744	-0.250516556289	0.056935917536	1
594	0.006302759434	0.765237542677	0.063528262669	1
595	0.032658468025	0.702632971117	0.064958358673	1
596	0.055684794535	0.765825861522	0.064517074005	1
597	-0.463576339820	0.231570112327	0.061089050212	1
598	-0.488701592508	0.283056490587	0.061389145004	1
599	-0.262348774517	0.862721179151	0.061808921078	1
600	-0.313044728481	0.858069955926	0.066695995923	1
601	0.482657438670	-0.277289430481	0.052904503408	1
602	0.419703336685	-0.275062570704	0.051775261450	1
603	0.437718594542	-0.329062744394	0.052642821552	1
604	-0.660526024487	0.366622769765	0.061811468610	1
605	-0.621035868736	0.427768271702	0.062699451155	1
606	-0.801012536150	-0.154809560482	0.061204922157	1
607	-0.289000007537	0.799642934257	0.062634297709	1
608	-0.157188894707	0.872931377077	0.062362317064	1
609	0.251914974750	-0.168744245453	0.040672236126	1
610	0.217487354039	-0.221525260887	0.041431125149	1
611	0.282674574016	-0.214576031242	0.044483117728	1
612	-0.112064044693	0.295990134027	0.048091533249	1
613	-0.137415820428	0.344388175123	0.053111596670	1
614	0.706211653796	0.127599549316	0.061096044547	1
615	0.670494425803	0.178710970326	0.061292625606	1
616	0.637998010536	0.131232873715	0.059566072567	1
617	0.653972464995	-0.222260155330	0.055983114317	1
618	0.719965063628	-0.213354619725	0.056386555920	1
619	-0.285019811296	0.677892264817	0.063702428927	1
620	0.221411951538	-0.122672898391	0.033841604113	1
621	0.185729234008	-0.175395129135	0.035212327141	1
622	0.156022071515	-0.126835560284	0.027986160011	1
623	-0.967149336131	0.441400242658	0.059703796976	1
624	-0.970858724656	0.385397659537	0.064730617789	1
625	-0.906723950416	0.413483647302	0.061916035343	1
626	-0.363187065163	-0.207381837228	0.054555181854	1
627	-0.300913452726	-0.208257816537	0.051169476737	1
628	-0.334747589982	-0.154788053669	0.051691986280	1
629	-0.403065674018	0.388458427255	0.061286282333	1
630	-0.422805293874	0.440172130995	0.062656739144	1
631	0.495684587272	-0.484171355235	0.055415755657	1
632	-0.672618991153	-0.062795752017	0.061589490842	1
633	0.770789224123	0.367800929321	0.063618209140	1
634	0.790527534532	0.416781615514	0.067166493011	1
635	0.372222292427	-0.962837580300	0.057012213842	1
636	0.316509490266	-0.972807231128	0.062124448878	1
637	0.345552013473	-1.079487744672	0.059898456413	8
638	-1.072321110868	-0.315667690435	0.060384400748	5
639	-0.273568151184	0.232941500155	0.054307363329	1
640	-0.300690363120	0.284506235241	0.057624918352	1
641	-0.337138242925	0.231745944514	0.057444792431	1
642	0.692437969684	-0.165664894409	0.056377879913	1
643	0.629133516578	-0.172331418667	0.055524953002	1
644	-0.206676289612	0.748030809092	0.062853176542	1
645	-0.233146065861	0.808095700791	0.065210255331	1
646	-0.260355614929	0.743006208481	0.064052448946	1
647	-0.709682976527	0.472565918846	0.063414670667	1
648	0.118144893501	0.247352336406	0.041685658938	1
649	0.148627537342	0.193028342968	0.040251581525	1
650	0.180617721927	0.240284353758	0.046379282746	1
651	-0.249733357728	-0.666810521668	0.062164902069	1
652	0.814634909425	-0.408569064321	0.057164349207	1
653	0.858205571748	-0.348605519326	0.057240847118	1
654	-0.462877124940	0.543185627793	0.064027134408	1
655	-0.284409862154	0.555617058208	0.060816198151	1
656	-0.904356435542	0.087722325973	0.061534256797	1
657	-0.124181379957	0.696837407773	0.062418119532	1
658	-0.541353678499	-0.624768328458	0.060270746277	1
659	-0.010896374165	-0.267774253685	0.042417213346	1
660	0.014476461961	-0.322648924407	0.047295121799	1
661	0.050183492887	-0.274242440157	0.043120651052	1
662	0.671233237568	0.470725074277	0.067290007452	1
663	0.140166687002	-0.735779279663	0.056946642604	1
664	0.842850577127	0.128360081887	0.063676192741	1
665	0.807684340852	0.079765913345	0.058815893774	1
666	-0.568765566040	-0.016087653851	0.060531067413	1
667	-0.128445704594	0.032077993729	0.013590463852	1
668	-0.180043902824	0.034346995135	0.034125813550	1
669	-0.168335663265	-0.022465874341	0.018434371560	1
670	0.141457784343	0.294564240355	0.049827715584	1
671	0.103809625122	0.348768405954	0.052180307097	1
672	0.079645985642	0.299662188591	0.045439542666	1
673	0.162371407415	0.346109187777	0.052004210963	1
674	-0.824326994095	-0.955294846169	0.060973849682	8
675	0.976878243130	-0.805603762990	0.058767553320	6
676	0.950868226254	-0.855472845702	0.058996399402	6
677	1.009428744536	-0.194424265657	0.059028964215	1
678	1.127787520522	-0.157092933555	0.059934400713	6
679	0.809977953098	1.000505838714	0.070830373447	7
680	0.859684317689	0.982647020552	0.071152746913	7
681	-0.946006862480	0.866384768713	0.063432843855	5
682	-0.122723604575	0.454712505256	0.057297476350	1
683	-0.092307240615	0.515323791407	0.058886456495	1
684	-0.605659587945	0.127863050124	0.061835907789	1
685	0.189125834897	0.820356502890	0.068068595386	1
686	0.134408814943	0.832178844948	0.064049655570	1
687	-0.533913423062	0.701896655145	0.061551275137	1
688	-0.602050120312	0.681432948973	0.065567268416	1
689	-0.570987173179	0.640585158172	0.061672497483	1
690	-0.209251789838	-0.431813788240	0.057115165040	1
691	-0.266436977648	-0.430505280554	0.057222259751	1
692	-0.230947455447	-0.488671567971	0.058317248884	1
693	-0.206857357478	0.871635950981	0.066793105702	1
694	-0.094528733014	-0.551192466741	0.058022135134	1
695	-0.121982823822	-0.489623360015	0.057153507591	1
696	0.121097693448	-0.431314832641	0.053576155552	1
697	0.403801571157	-0.216693045176	0.049900706095	1
698	0.344860818933	-0.212524960121	0.047795147041	1
699	0.361935085171	-0.268968037192	0.049655637040	1
700	0.280713953992	0.514905433989	0.061853004719	1
701	0.306600064105	0.568032803723	0.065131842134	1
702	0.601183740094	0.181595166116	0.060907456624	1
703	0.760597204144	-0.159569660709	0.057541350015	1
704	0.744818886537	-0.260475936057	0.056896715886	1
705	0.542305305473	-0.120628132665	0.053902106599	1
706	-0.615200456051	0.269687485210	0.061619508342	1
707	-0.573063833293	0.325547913833	0.061993459898	1
708	-0.638338241547	0.316835672732	0.063869709248	1
709	-0.058925695236	0.890471947660	0.064502631601	1
710	-0.103877451088	0.881734619317	0.066426996351	1
711	0.196931685869	-0.863193234349	0.058755435327	1
712	0.304594538364	0.133332427579	0.048359506378	1
713	-0.425798331707	0.286060310264	0.060981844832	1
714	-0.200877205895	0.508091114293	0.059626645241	1
715	-0.146333417545	0.510682574398	0.060680231381	1
716	-0.119867522465	0.572535500754	0.061686305649	1
717	0.394684080747	0.605814634908	0.066982341953	1
718	0.365398285703	0.670560409928	0.066683734816	1
719	0.334846232037	0.620409671656	0.064997047027	1
720	-0.709723116110	0.174927432282	0.063802705431	1
721	-0.673416400225	0.127740204000	0.061305620600	1
722	-0.178065688030	0.691524976220	0.063585993992	1
723	-0.688281015286	0.268516891473	0.064521828919	1
724	-0.506389829987	0.650571949631	0.064907268680	1
725	0.747240414157	-0.412694922494	0.057873900118	1
726	-0.239001918630	0.286775309106	0.054632475036	1
727	0.036855075177	-0.871517372765	0.059896699557	1
728	0.063992476406	-0.935436824871	0.060545871380	1
729	-0.489411906330	-0.523619200329	0.061441227046	1
730	0.424458546193	0.239263439004	0.057694595279	1
731	-0.394418343772	0.131993779188	0.057649736923	1
732	0.258634602884	0.458411949797	0.062132855600	1
733	0.533720306976	0.332179937324	0.063825729548	1
734	0.466527059471	0.341075530209	0.061283558168	1
735	0.509759766827	0.285037960212	0.060416627491	1
736	0.475175868475	-0.434006278278	0.054660243383	1
737	-0.258767820281	0.502876465788	0.061823002126	1
738	0.113962901290	-0.671939404933	0.060053158256	1
739	-0.232047314421	0.682513052439	0.062227349052	1
740	-0.044603266423	0.640879249137	0.062679469305	1
741	0.007524803683	0.642477301222	0.062477698609	1
742	0.695021149875	0.675134807595	0.069945081962	1
743	0.630478186983	0.680270680461	0.066371443334	1
744	0.165828631418	-0.671740176325	0.056941222183	1
745	0.270668365829	-0.666894614039	0.056327862437	1
746	0.218247150893	-0.670968592019	0.059577441023	1
747	0.718065566288	0.723901530864	0.066159386817	1
748	0.786320604084	0.719126147513	0.070163268312	1
749	0.834263247629	-0.298128567696	0.057805036689	1
750	0.807353654378	-0.110141014507	0.056794051859	1
751	-0.166755703589	0.192619758340	0.042258237635	1
752	0.880335709140	0.177900580860	0.059616317339	1
753	0.401311688232	0.346222263613	0.060548682577	1
754	0.506341619925	0.708348820133	0.067102963666	1
755	0.449113487698	0.716833819865	0.067837630403	1
756	0.479473127365	0.653265109800	0.068427992306	1
757	0.475358524055	0.775839111914	0.068445617456	1
758	0.423552839732	0.790167288808	0.067358759008	1
759	0.385593988723	0.847718328322	0.070206798538	1
760	0.088721653983	-0.019975168985	-0.003054335021	1
761	0.128647059325	-0.075408096376	0.009739908128	1
762	0.148995759526	-0.019196093296	0.021165413454	1
763	-0.715295840530	-0.990782548995	0.061227655827	8
764	0.483156503834	-0.940343392331	0.056371741292	1
765	0.456747215318	-1.058454448024	0.059441227170	8
766	-0.481637503546	0.966732650978	0.066829043396	1
767	-0.425933859087	0.974418073141	0.061823121715	1
768	-0.454361779367	1.078794189877	0.064931566335	7
769	-0.992804330481	0.756833922308	0.062406471781	5
770	-1.045060184741	-0.446272258574	0.060895212403	5
771	-0.703032211604	-0.821377665260	0.064492022414	1
772	-0.226054622524	-0.013072404515	0.038494111670	1
773	-0.202096247507	-0.072139241297	0.034201002139	1
774	0.274748782527	0.182100050537	0.048859645950	1
775	0.376719300366	-0.327072756309	0.051902390034	1
776	-0.361355679785	0.286297222509	0.059377030135	1
777	-0.381849566005	0.338151321035	0.060932290343	1
778	-0.447010300219	0.337436477098	0.061470721155	1
779	0.540075090668	-0.429513598462	0.056213152877	1
780	-0.015751843104	-0.492312637535	0.056230479748	1
781	-0.068157642142	-0.492200605321	0.057021420985	1
782	-0.042455545664	-0.552998620711	0.058243757714	1
783	0.624866846353	0.229134820020	0.060790360055	1
784	0.556132475878	0.233816229207	0.060819052169	1
785	0.561546828396	-0.479212854678	0.055527785391	1
786	0.589266715625	-0.225558999308	0.054497595747	1
787	0.517099996757	-0.534324513690	0.056957068190	1
788	0.584513792788	-0.529432793867	0.056643042650	1
789	0.581493244362	0.427971121462	0.065684608599	1
790	0.514062927245	0.436366273004	0.064841097108	1
791	0.557922158408	0.379231426871	0.063107035821	1
792	0.669632063114	0.080398475818	0.059211791209	1
793	0.635263242356	0.031629207221	0.057777850086	1
794	0.702258823357	0.031365839113	0.059199938808	1
795	-0.741256836793	-0.059668844461	0.062010042357	1
796	0.298591238799	-0.724849653202	0.060022130067	1
797	-0.773204038679	-0.108313829126	0.060705187385	1
798	-0.576106034535	0.486483467293	0.062352499208	1
799	-0.508348518056	0.489033474607	0.063817396717	1
800	-0.528774982868	0.539113076307	0.061915553265	1
801	-0.547214210051	0.591317594233	0.064816807120	1
802	-0.691413657967	-0.208162989112	0.060792900595	1
803	-0.196353441856	-0.671109699951	0.059038372930	1
804	-0.223989372239	-0.729357996059	0.062665236857	1
805	-0.406166451704	-0.950490855817	0.059023059979	1
806	-0.461672598042	-0.938496101244	0.064204382003	1
807	-0.436151830682	-1.056280442711	0.061938828119	8
808	0.962280894800	-0.484596410273	0.054379576988	1
809	1.073894826892	-0.453108018802	0.058118503243	6
810	0.488303151955	0.970789951487	0.066118424038	1
811	0.458915194007	1.080115264592	0.069717818999	7
812	-0.951763322337	0.497771350350	0.064693640689	1
813	-1.069631136791	0.471282532731	0.062157278843	5
814	-0.515516745676	-0.574397323670	0.061467757303	1
815	-0.464589525454	-0.472124501179	0.059644275936	1
816	-0.291653797409	-0.011627014633	0.047606061289	1
817	-0.330922853963	-0.058099696726	0.050367453232	1
818	0.361111160091	0.241430000680	0.056168154143	1
819	-0.468841585732	0.388138702294	0.062572441894	1
820	0.579996607153	0.280692015741	0.062616534856	1
821	0.603715695283	0.326824421794	0.062562620466	1
822	-0.019337940910	0.702405663439	0.062203656279	1
823	-0.044133803947	0.762156614329	0.064828519071	1
824	-0.442200033426	0.491546470110	0.061739040794	1
825	0.381064546911	-0.160372763715	0.048148718162	1
826	0.317414487912	-0.161366931287	0.044495372258	1
827	0.860685302643	0.419358090017	0.068137920806	1
828	-0.511723255770	0.334334541801	0.062646215169	1
829	-0.550368616083	0.274266066714	0.062621526496	1
830	-0.066559132023	-0.612522394022	0.061316892797	1
831	0.094006560724	-0.996307633099	0.063264021488	1
832	0.038285335295	-0.997962973023	0.057945319678	1
833	0.066544884923	-1.107152333477	0.061126231183	8
834	0.400820256109	-1.069757012981	0.060142606603	8
835	1.119021471322	-0.212827760884	0.059465324848	6
836	-0.397628485209	1.090512080678	0.064630667760	7
837	-1.057616475070	-0.377800741248	0.060435599370	5
838	0.027815890247	-0.120912802861	0.002018863273	1
839	0.058961240593	-0.068142212187	0.001440818979	1
840	-0.008121412618	-0.069237818137	-0.006461388115	1
841	0.074599684803	-0.325606601951	0.047411431436	1
842	0.039695811726	-0.377068298071	0.051361509108	1
843	0.097913468310	-0.377689176952	0.050632757581	1
844	0.488138845671	0.236017501825	0.060162174714	1
845	0.533047027230	0.185557585185	0.059146312363	1
846	0.036557043746	-0.610939536566	0.060689258935	1
847	0.062417176940	-0.673418631225	0.057936581148	1
848	0.366477474178	0.558123712754	0.063960855217	1
849	-0.132264047197	-0.175151737395	0.035613967389	1
850	-0.015610654405	-0.740331594619	0.061672125937	1
851	0.539419215909	0.644656843228	0.065994085746	1
852	0.514679602957	0.592304513926	0.068549359607	1
853	0.011166571937	-0.804893676896	0.060096486288	1
854	-0.507729492303	0.770653566708	0.062109454646	1
855	-0.567789235384	0.743206059590	0.065838119844	1
856	-0.423750026301	0.717828047372	0.062008379814	1
857	-0.476010628252	0.714772414679	0.065337255406	1
858	0.031343284377	0.832071447367	0.063594333400	1
859	-0.022487523149	0.827409788634	0.066543555456	1
860	-0.737463013598	-0.301491330323	0.060122826768	1
861	-0.758361414846	-0.349108322381	0.062159079569	1
862	-0.688367044612	-0.352986042561	0.061992242704	1
863	-0.002055014253	0.885490031858	0.064535845156	1
864	-0.548342630131	0.811337979436	0.065554932359	1
865	-0.600642013066	0.797245485060	0.061961397482	1
866	0.745522575483	0.771992278816	0.072219969659	1
867	0.843250626387	-0.061463721087	0.060593832086	1
868	0.636335953978	-0.782113620675	0.055695269284	1
869	0.403527402208	0.499300362730	0.063112551248	1
870	-0.253417981717	-0.545982751816	0.059835534862	1
871	-0.309308454074	-0.543635828254	0.060000295589	1
872	-0.276075962971	-0.604304875149	0.060894544486	1
873	0.741318995120	-0.715844468021	0.059878462539	1
874	-0.626737570822	0.730892000685	0.061264522979	1
875	0.335836536314	0.848385335694	0.067464109424	1
876	0.086807199420	0.198053072138	0.033745671049	1
877	-0.101676245452	-1.104029751426	0.061239277920	8
878	-0.128581936492	-0.992038786102	0.063883586336	1
879	-0.157476785722	-1.100176053022	0.061138641469	8
880	1.132345189827	-0.102758235145	0.060341122157	6
881	0.117775615463	1.123049279434	0.067206828872	7
882	0.175763119787	1.123318912229	0.067796337225	7
883	-1.113627138494	0.134925971403	0.060854401651	5
884	-1.110915496585	0.191386465311	0.060818757312	5
885	-0.529506509669	-0.739496827685	0.064008206943	1
886	-0.565843941874	-0.676006873574	0.063604556770	1
887	-0.441763442347	-0.419610792259	0.060897794209	1
888	-0.300310095476	-0.109332532023	0.048515457014	1
889	-0.234775772101	-0.120378873965	0.041043257482	1
890	-0.264593165193	-0.064178202716	0.042649109777	1
891	0.301084613811	0.238315506977	0.053255913031	1
892	0.602794550691	0.083593164708	0.058573803675	1
893	0.741035672290	0.174839813063	0.060608585338	1
894	0.566573363290	0.694510182370	0.069694438839	1
895	0.911170900186	0.132934376686	0.063369849251	1
896	-0.222010782555	-0.607987280273	0.059433917311	1
897	-0.198806787487	-0.549221861823	0.058974338802	1
898	-0.175458964198	-0.490562698846	0.058124530326	1
899	0.170278936994	0.520808543365	0.060715266775	1
900	0.141990658875	0.581397322885	0.062271370328	1
901	0.116892857632	0.521329835408	0.060734671643	1
902	0.343267631536	-0.014191582447	0.046011881160	1
903	0.383539436732	-0.061023394626	0.047893299943	1
904	0.411764220120	-0.011436786372	0.050247602294	1
905	-0.503456882777	-0.687525157017	0.059440337134	1
906	-0.382546842582	-0.260517143598	0.056120692594	1
907	-0.368003729725	-0.104633221784	0.053435639925	1
908	-0.107508205904	-0.118442660103	0.020994374118	1
909	-0.070102230281	-0.167171387466	0.024289563057	1
910	-0.038572469144	-0.117380950930	0.012101260123	1
911	0.455701172722	-0.381916187825	0.054346365679	1
912	-0.462274971780	0.131527759613	0.059754822837	1
913	-0.427121015106	0.083787610957	0.058348786245	1
914	0.444698764732	0.291178725737	0.060585731659	1
915	0.546525015378	-0.278851921534	0.054079530662	1
916	0.526037994855	-0.225812588679	0.053740713574	1
917	0.224893491670	0.517447687851	0.062847410991	1
918	0.570033660766	0.134918472454	0.058554892702	1
919	0.216945540579	0.757167341854	0.066733564360	1
920	0.646869701465	0.578597838433	0.067936081807	1
921	0.565072292147	-0.173419811038	0.054415338949	1
922	0.502163704053	-0.173192281107	0.052564185993	1
923	-0.600087310181	0.031387927087	0.061108224931	1
924	-0.635763916016	0.078674189280	0.061505683845	1
925	0.602791238214	0.634941715153	0.069620002532	1
926	0.106615064045	0.767406216475	0.065554662452	1
927	0.536246546267	0.087824914178	0.057037096321	1
928	0.548581858339	-0.741863227802	0.055869355516	1
929	0.582979802610	-0.681613871191	0.055552751037	1
930	0.429707350939	0.546795183155	0.066948789544	1
931	-0.287996335703	-0.486480497984	0.059363922254	1
932	-0.154829149775	-0.431739712495	0.055941007105	1
933	0.189389381992	-0.071722784358	0.026929814554	1
934	0.535462853054	0.759785727823	0.069025362046	1
935	0.661518489759	-0.837316989002	0.060542579874	1
936	0.695951992308	-0.774282010094	0.061256194964	1
937	0.840820015832	0.369966790058	0.063027802907	1
938	-0.812603264820	-0.453736186099	0.061613001813	1
939	-0.425774735186	-0.209694454253	0.056969131487	1
940	-0.446779148890	-0.260714463081	0.058369091201	1
941	0.275024647045	-0.375404995186	0.051926504937	1
942	0.318270450569	-0.322107257280	0.050606742234	1
943	-0.431628364639	0.182624194308	0.059610382276	1
944	-0.497815905814	0.177213965399	0.061101929435	1
945	-0.236794192087	0.449319786553	0.058953593024	1
946	-0.296982501402	0.445471704028	0.061330327693	1
947	0.462678370174	-0.224683667217	0.051963689999	1
948	0.472249714517	-0.588760075322	0.057730693926	1
949	0.701066432589	-0.618064045536	0.057328221463	1
950	0.629784761738	-0.626373748430	0.055900041952	1
951	-0.664047442629	0.223084551013	0.061424628463	1
952	-0.072036299272	0.700739458389	0.064000882130	1
953	-0.707628329180	0.316345395088	0.060281492837	1
954	-0.636315592546	-0.113192170175	0.061053130977	1
955	-0.401263545167	0.782433719957	0.062997711884	1
956	-0.454016101517	0.787362438270	0.064647389122	1
957	0.170933405919	0.885676458223	0.067672618118	1
958	-0.067352733800	-0.738254458299	0.058525495850	1
959	-0.041690255757	-0.805127925119	0.059784244899	1
960	-0.069408590823	-0.869948031642	0.060700934715	1
961	-0.199768052845	-0.793665206463	0.062819715649	1
962	0.749472626152	-0.562188620107	0.055763819162	1
963	0.366201597105	0.785658700212	0.067218745572	1
964	-0.392438721381	-0.826566692509	0.063564097687	1
965	-0.420193893826	-0.884751406623	0.060141342573	1
966	-0.365355380727	-0.896071306024	0.062685194412	1
967	-0.041961812927	-0.323024875551	0.048704138424	1
968	-0.016721620639	-0.378113090014	0.051699638740	1
969	-0.015648640742	-0.870855863919	0.060844586332	1
970	-0.042730631381	-0.935923564420	0.060633712151	1
971	0.010663012814	-0.936827821819	0.060600956845	1
972	-0.017107704252	-0.997723686487	0.063729069484	1
973	-0.073018305801	-0.995862877358	0.058309267024	1
974	-0.045372043596	-1.106783318420	0.061044102232	8
975	0.290177597048	-1.088414738128	0.060551920445	8
976	0.260876876227	-0.981146411102	0.057598022032	1
977	0.234581936938	-1.095611189180	0.060360890442	8
978	1.107383223338	-0.271206977624	0.059105558208	6
979	1.002237786537	-0.248358886324	0.058423683689	1
980	1.123396413338	0.288723526494	0.064441286402	6
981	1.130591583314	0.231700059804	0.063832512807	6
982	0.086281612235	1.024493760351	0.068218504965	1
983	0.056523020362	1.125141605956	0.066592346434	7
984	-0.283595292812	1.107438653221	0.064899965547	7
985	-0.230309279673	1.112763149749	0.065413482496	7
986	-1.011211674148	0.101192417405	0.059630807376	1
987	-1.114510043150	0.076381584267	0.060852378117	5
988	-1.076099479904	-0.260369933722	0.060385882843	5
989	-0.974665285748	-0.243787098135	0.061043045971	1
990	-1.089017445166	-0.198697331244	0.060510887607	5
991	-0.899883808048	0.461235226847	0.063420631712	1
992	-0.172994238054	-0.126777073951	0.030659909653	1
993	-0.134921156494	-0.071672819131	0.021498555986	1
994	-0.007601656258	-0.166828302609	0.024236170537	1
995	0.052585585018	-0.163237167723	0.027861026346	1
996	0.091164362052	-0.122976151443	0.018463978461	1
997	0.139538514748	0.086896475980	0.026635508200	1
998	0.173359104296	0.139580208339	0.035711134938	1
999	0.111507264374	0.141493454542	0.023108694931	1
1000	0.237186083424	0.133634267555	0.043162896082	1
1001	0.319477406567	0.294231004180	0.056339553874	1
1002	0.136005062175	-0.324490015245	0.047725531220	1
1003	0.113261969666	-0.275819273526	0.042802688617	1
1004	0.305006535483	0.034297709520	0.043738983769	1
1005	0.371924655852	0.035132059678	0.048939299028	1
1006	0.337141800548	0.083799577657	0.048627877739	1
1007	0.569487644289	0.035908743986	0.056495237815	1
1008	-0.761448996651	0.270121948966	0.064441846774	1
1009	-0.735340205219	0.221897033096	0.060441815735	1
1010	-0.878631391859	0.232343233851	0.062370451183	1
1011	-0.713514563152	-0.399321023542	0.059664146210	1
1012	-0.102810763982	-0.324988389174	0.049793674876	1
1013	-0.156760791304	0.087884948665	0.024023038312	1
1014	0.701089689131	-0.468787005975	0.056572600161	1
1015	0.726687787655	-0.514763712887	0.058165509363	1
1016	0.772022501351	-0.459787244812	0.055874072019	1
1017	-0.096733268201	-0.933340829610	0.061076528373	1
1018	-0.492000887537	-1.044459819576	0.061430690648	8
1019	-0.517202925060	-0.925973830566	0.058910796210	1
1020	-0.213722887604	-1.093930832125	0.061627835606	8
1021	-0.183995483592	-0.986593824897	0.058756174734	1
1022	-0.239791781212	-0.979706143497	0.063863696849	1
1023	0.512152755439	-1.046742528647	0.059792308467	8
1024	1.065239897945	-0.514605319757	0.058586546441	6
1025	0.950296343722	-0.538964834998	0.061344773092	1
1026	1.103156979725	0.404450192739	0.065766645137	6
1027	1.113179997695	0.349844815268	0.065514106688	6
1028	0.521730394840	1.063665201580	0.070349742258	7
1029	-0.344260142115	1.096087390032	0.065304793937	7
1030	-0.514074461686	1.066596173662	0.064502817741	7
1031	-1.060519159277	0.526413008302	0.061843765791	5
1032	-1.115104674932	0.021472788779	0.060604546793	5
1033	-0.980377489210	-0.187667626542	0.060707100539	1
1034	-0.994875614434	-0.683660547116	0.061009359925	5
1035	-0.874823786984	-0.703676708561	0.063579864619	1
1036	0.025363932383	-0.016218471545	-0.019225955907	1
1037	0.053866974772	0.038273979678	-0.004341801209	1
1038	-0.254097084065	0.038130088899	0.042966999498	1
1039	-0.319881054843	0.038041024127	0.050970946636	1
1040	0.204070813161	0.085806265913	0.033706691481	1
1041	0.277538840745	0.348536308003	0.056450342461	1
1042	0.219618190248	0.347347041086	0.056571012382	1
1043	0.260334830949	0.292585260482	0.054498723072	1
1044	0.382551395466	0.293578168757	0.058479724520	1
1045	0.201591118037	0.460307005005	0.058990977007	1
1046	0.147222824927	0.461698944361	0.059456895721	1
1047	0.181187171033	0.402883042059	0.057932185002	1
1048	0.216604932812	-0.372062008132	0.050571740624	1
1049	0.259646072295	-0.319410999447	0.048630637810	1
1050	-0.179223183553	0.450778382389	0.059315354598	1
1051	0.238258736236	0.036776622747	0.037663070826	1
1052	0.167347453304	0.033375089270	0.021979395599	1
1053	0.214144761804	-0.015192374972	0.029217670233	1
1054	-0.148175289643	0.633444352273	0.062141901907	1
1055	0.482355692155	-0.116647217439	0.052247923740	1
1056	-0.121113247985	0.134730739162	0.034072500124	1
1057	-0.065735463148	0.152990951725	0.017635032665	1
1058	-0.105178249492	0.196293618635	0.036339826025	1
1059	0.273631756459	-0.789301061487	0.060600133092	1
1060	0.450286895222	-0.061499023225	0.051314864649	1
1061	-0.642157980553	-0.405934244932	0.061164983029	1
1062	0.116848597598	0.034133271811	0.002197949839	1
1063	-0.295292698596	-0.971208840888	0.058952078522	1
1064	-0.350672820410	-0.961329443613	0.064025470707	1
1065	-0.324966900006	-1.077938666903	0.061763824615	8
1066	1.101194237533	-0.325433729968	0.058831297493	6
1067	-1.089445576047	0.359023849070	0.061880563131	5
1068	-0.074096043627	-0.069714244096	-0.005592277979	1
1069	-0.101818411865	-0.016139030000	0.002226358426	1
1070	0.083084239647	0.089706757287	0.008056564343	1
1071	0.270557797169	0.085158180615	0.042643645037	1
1072	-0.039462810809	-0.217945261538	0.037051266977	1
1073	0.242611182176	0.237173994075	0.050197058498	1
1074	-0.356152177059	0.084951087833	0.055195350494	1
1075	0.126045853293	0.403010126785	0.055063941681	1
1076	-0.318254755628	0.339532979091	0.058879272765	1
1077	-0.275435844927	0.393574158198	0.058774651746	1
1078	0.009670360909	-0.553147454692	0.057452665776	1
1079	0.036686510193	-0.491996395646	0.055953448046	1
1080	-0.215903217425	0.394180981047	0.058115421471	1
1081	-0.157985723148	0.396798536769	0.055606437062	1
1082	-0.067599516598	0.578249397950	0.060982833166	1
1083	-0.096217997637	0.636680488130	0.062239048386	1
1084	0.626762181676	0.374326502827	0.065664430852	1
1085	0.738685788084	0.079042256493	0.059155718313	1
1086	-0.038848546555	0.205559956804	0.033135098724	1
1087	-0.010862117693	0.255679782664	0.038779190227	1
1088	-0.047823815092	0.299780529326	0.046293749288	1
1089	-0.079256701827	0.249714872105	0.040397323898	1
1090	0.040760462306	0.462002370576	0.057830178576	1
1091	0.093800345472	0.462117033348	0.057384650786	1
1092	0.017955772293	0.302291451182	0.045238679085	1
1093	-0.015818033156	0.350934691338	0.050182981256	1
1094	0.285187338582	-0.114602980713	0.040710278989	1
1095	0.834688127599	0.225369493242	0.065004515641	1
1096	0.651626536661	0.275168007050	0.063682340593	1
1097	-0.197391186089	0.341250159033	0.054905876616	1
1098	0.178702886376	-1.100589745196	0.060942549223	8
1099	0.149869663692	-0.993281788245	0.057822967975	1
1100	0.122548678858	-1.104917450905	0.060893176753	8
1101	0.790377386105	-0.977882371321	0.058761110980	8
1102	0.734955886248	-0.993144760159	0.059602380523	8
1103	1.135198155927	0.174403820148	0.063113038876	6
1104	0.997604512811	0.824067053416	0.069840619568	6
1105	1.007505974063	0.772695177006	0.069838554148	6
1106	-0.172113040651	1.120309291680	0.065227585977	7
1107	-0.118498204173	1.122397229150	0.065795729970	7
1108	-0.794164920812	0.993410646670	0.064552432942	7
1109	-0.744298974060	1.003365789971	0.063594261678	7
1110	-1.097947047682	-0.141687237701	0.060317154541	5
1111	-1.103734726588	-0.086518511285	0.060428501240	5
1112	-0.959101743231	-0.798735880068	0.061198358791	5
1113	-0.860630449486	-0.758687496890	0.057686924905	1
1114	-0.977668736534	-0.740007184687	0.060361338671	5
1115	0.649114699812	-0.901740173626	0.061852906143	1
1116	-0.039379410937	-0.016150797629	-0.009092998136	1
1117	0.213056702418	0.186806812938	0.044009057340	1
1118	0.025750643452	-0.221072336138	0.033805543425	1
1119	-0.286697590666	0.087516626692	0.050530650480	1
1120	0.237715352399	0.403406545834	0.057261799046	1
1121	0.010301745131	-0.433758382428	0.054278703785	1
1122	0.064878689961	-0.432733499181	0.053343105707	1
1123	-0.338035900524	0.391018460831	0.061066095353	1
1124	-0.258516667681	0.338925675487	0.057551287490	1
1125	0.775264955556	0.127229682131	0.062472308521	1
1126	0.055818095296	0.251249802194	0.040760625214	1
1127	0.044042968962	0.352808066391	0.050465467981	1
1128	-0.783847363198	-0.398082580847	0.060056809030	1
1129	-0.162464862998	-0.323523071709	0.051170498797	1
1130	-0.217882057944	0.086584936660	0.042032383778	1
1131	-0.093969163483	0.092811855874	0.010270456266	1
1132	-0.035972554152	0.092920793700	0.004207491417	1
1133	0.241756186163	-0.268457555193	0.046187999574	1
1134	-0.547596673452	-1.031639117325	0.062154698317	8
1135	-0.380362516211	-1.067505022315	0.061377688850	8
1136	-0.269304264957	-1.086669388601	0.061292864794	8
1137	0.010496318274	-1.107799437221	0.061198007912	8
1138	0.679452703173	-1.007273480412	0.058725990371	8
1139	0.623619133677	-1.020564379789	0.059618384618	8
1140	1.049726581770	-0.574438463594	0.057981301038	6
1141	1.087022863606	-0.385933766426	0.058603333362	6
1142	1.140520440910	0.008324497949	0.061289327262	6
1143	1.139070074017	-0.044611776578	0.060977624845	6
1144	1.070141165995	0.521517518696	0.067281205085	6
1145	1.086043240378	0.466464753989	0.066952235522	6
1146	1.025203830249	0.710536448215	0.068609110887	6
1147	1.033318746803	0.654412096683	0.068921562623	6
1148	0.580110055465	1.056221106273	0.070044926730	7
1149	0.403818560162	1.089623260252	0.069745313623	7
1150	0.292356738123	1.111035915018	0.069072587206	7
1151	0.343796482761	1.103227071581	0.068809760943	7
1152	0.002160592995	1.128190486038	0.066296623889	7
1153	-0.685061725041	1.026437381453	0.064671039287	7
1154	-0.634557394423	1.036864297337	0.063977476785	7
1155	-1.044897570908	0.584291376945	0.062534008489	5
1156	-1.080553009140	0.413619139333	0.061512022377	5
1157	-1.097198204303	0.303709914228	0.061070839727	5
1158	-1.036975434707	-0.509395892115	0.060181710917	5
1159	-1.008314566246	-0.628582275695	0.060132473797	5
1160	-0.268483639955	-0.163241089253	0.046489175259	1
1161	-0.200862314288	-0.174661151644	0.041952660632	1
1162	-0.007352731770	0.039582450439	-0.012426230883	1
1163	-0.071603775775	0.039862399595	-0.010168247296	1
1164	0.023401484599	0.096473319898	-0.006250187523	1
1165	0.050764634809	0.146865176099	0.022616398604	1
1166	-0.005270854736	0.151700155077	0.017362722149	1
1167	0.024507649967	0.207897902829	0.029020168737	1
1168	0.085823834258	-0.224768592337	0.037009302657	1
1169	0.197693554810	-0.320429058262	0.048256065163	1
1170	0.176855381799	-0.272364550346	0.043675184736	1
1171	-0.399922375875	0.235032068086	0.059608119672	1
1172	0.276306642123	-0.014213833751	0.039421290659	1
1173	-0.604268576133	-0.065014904275	0.060559650287	1
1174	0.249632901139	-0.066206706645	0.036365685219	1
1175	-0.368068174971	0.727876760476	0.064268801908	1
1176	-0.567644884201	-0.113466870853	0.060104937973	1
1177	0.353394756584	-0.109603462616	0.046192776501	1
1178	-0.189458213445	-0.373494269113	0.054269901799	1
1179	-0.244867054034	-0.374282924794	0.056197016863	1
1180	-0.337689854277	-0.836600165368	0.059472762043	1
1181	0.279306470775	-0.916737963631	0.058961897352	1
1182	-0.398546241816	-0.156773468950	0.055385675602	1
1183	0.119723385878	-0.179249482447	0.029278107586	1
1184	0.157328862677	-0.375147624681	0.050785717383	1
1185	0.303999260904	-0.265866266264	0.047849198708	1
1186	0.501476020925	-0.329697609692	0.054420993073	1
1187	0.314764655659	-0.063257810277	0.042688324037	1
1188	0.812651970060	0.175964472731	0.060319153179	1
1189	0.598027311540	0.741343225178	0.067461514038	1
1190	0.579290197415	-0.794374884480	0.060462866112	1
1191	-0.683097277719	-0.885557535329	0.065136836862	1
1192	1.014106738022	-0.694012855107	0.058227074221	6
1193	1.000397580931	-0.747457187892	0.059237164869	6
1194	0.702572750301	1.027375546061	0.070519110578	7
1195	0.753034425271	1.018574276142	0.071599430447	7
1196	-1.011928725645	0.699250361669	0.063053322783	5
1197	-0.419670565462	-0.366947585764	0.058099406589	1
1198	-0.402199063998	-0.312516962888	0.058483579920	1
1199	-0.725254092142	0.365496564507	0.065713764242	1
1200	-0.257544976847	-0.915246711587	0.061953088497	1
1201	-0.204375369551	-0.922665843491	0.060993340950	1
1202	0.150746408676	-0.225629965264	0.039704588365	1
1203	0.608387178579	-0.426419330850	0.055216879137	1
1204	-0.703669844379	0.081273926703	0.062298948113	1
1205	-0.806365707558	0.227638337683	0.061868983673	1
1206	0.670768907340	0.626086293539	0.067298765435	1
1207	0.739808675383	0.617285121390	0.066697851596	1
1208	0.013258534097	0.405869346965	0.054243117820	1
1209	0.060439856670	0.643514136832	0.062882159737	1
1210	0.629518938971	-0.475142669296	0.057772453633	1
1211	-0.682538551885	0.420949557296	0.063583759589	1
1212	0.421651732447	0.658876348795	0.066075869742	1
1213	0.396596711719	0.726067662393	0.067327374903	1
1214	0.201987184183	0.291669342282	0.050550487335	1
1215	0.674880491423	0.322148991315	0.062974250654	1
1216	0.442714485946	-0.166883932337	0.050932286328	1
1217	-0.255966488309	0.618026618993	0.061436781613	1
1218	-0.573607808453	1.054294841940	0.064960899020	7
1219	-1.112959917705	-0.029653779798	0.060318347044	5
1220	-0.643423847369	-0.837287139397	0.059660643888	1
1221	0.454786455669	0.598102630161	0.065156708017	1
1222	0.571759333577	0.804528314741	0.068961372656	1
1223	-0.846712431280	-0.397940488715	0.061161833400	1
1224	-0.150256910708	-0.928814014893	0.061085823192	1
1225	0.083205557724	0.832496258503	0.067241432407	1
1226	0.419842501546	-0.110997125390	0.049731824607	1
1227	0.070206884601	0.404420784264	0.054663782468	1
1228	-0.311255928123	-0.906052137877	0.060464240436	1
1229	-0.822914184992	-0.717985575827	0.063553721211	1
1230	0.118052686848	-0.933831389789	0.059835807489	1
1231	0.677912256548	-0.421596073024	0.056040714993	1
1232	1.034782295261	-0.632429000372	0.058717194550	6
1233	-0.345963695295	0.797694678293	0.063867011219	1
1234	-0.315249156987	0.736653655071	0.062759068012	1
1235	0.878667510524	-0.398073127250	0.057223335930	1
1236	0.747377766594	0.319527859941	0.065183326678	1
1237	0.657122877685	-0.372708707658	0.056673300765	1
1238	0.742087332133	0.466335222984	0.066590576393	1
1239	0.250333079398	-0.856027316547	0.060328667155	1
1240	-0.071797677488	-0.273687414170	0.044003751866	1
1241	-0.813629358048	0.534208256613	0.066216077576	1
1242	-0.963461169556	0.078390301423	0.064270669881	1
1243	0.813489124011	0.466168532321	0.064748543991	1
1244	-1.029025389776	0.641884466901	0.062201715228	5
1245	0.845720107603	-0.958634949629	0.059507998235	8
1246	0.965535282805	0.882473528557	0.070203495944	6
1247	0.881471419962	0.838926593725	0.065808841085	1
1248	-0.846954699319	0.964922925725	0.063874949622	7
1249	-0.930199512920	-0.855249125777	0.060951794112	5
1250	-0.743871092603	-0.753159969712	0.063984191689	1
1251	-0.927729365275	0.610137135794	0.064579869485	1
1252	1.031983720418	0.031457234129	0.062002148162	1
1253	-0.843497918385	-0.863795743506	0.056906168114	1
1254	-0.897115063524	-0.931103738065	0.061309579720	8
1255	0.912415085776	-0.928683964679	0.058922031050	8
1256	0.863863457733	-0.859782845789	0.063352001176	1
1257	0.930294292149	0.955298549853	0.070476498598	7
1258	0.875805168044	0.889499956978	0.074546274047	1
1259	-0.926349242627	0.949917729380	0.063949164237	7
1260	-0.866714478604	0.881784143664	0.059819902433	1
1261	-0.772521311609	-0.694038421194	0.057856389682	1
1262	0.236256462490	1.116734076092	0.067743164966	7
1263	0.639023397379	1.043445687701	0.071171095459	7
1264	-0.056145501537	1.125068859638	0.065841843385	7
