0	0.575412789596	0.892090014767	0.113204398612	1
1	0.565823788850	0.865301266113	-0.055876629142	1
2	0.465670881074	0.901134009692	0.049009476522	1
3	0.445286558082	0.919677325080	0.202316795549	1
4	0.676324586326	0.850522234736	0.019795519398	1
5	0.431134594497	0.865457631289	-0.091565680728	1
6	0.334199572355	0.918061624378	0.143404289144	1
7	0.327978425452	0.890953682586	0.011195527183	1
8	0.193869726040	0.893155847963	0.103043822859	1
9	0.666730404208	0.861664874213	0.201507041445	1
10	0.545141084329	0.898062411714	0.276273872821	1
11	0.616303370317	0.852783933929	0.374312991670	1
12	0.514202225621	0.822528571809	-0.200336755171	1
13	0.650505098230	0.817433472820	-0.152708072567	1
14	0.625810056261	0.768745294662	-0.286963998845	1
15	0.275882899795	0.844970034528	-0.104339353022	1
16	0.365009454243	0.814496121401	-0.208384459493	1
17	0.249654341278	0.765304638168	-0.262325021401	1
18	0.163533819947	0.793333942899	-0.158406257748	1
19	0.355097344190	0.739336079254	-0.349169062731	1
20	0.072508894311	0.724726965855	-0.226960567117	1
21	0.166566690637	0.696545414194	-0.336756277112	1
22	0.061027714097	0.634538868327	-0.366457103697	1
23	0.167750777154	0.856154572395	-0.007418609173	1
24	0.475280354445	0.767957780097	-0.317062530184	1
25	0.349836865419	0.922907124508	0.322269690414	1
26	0.242799315878	0.920375419082	0.249586629862	1
27	0.195066290570	0.909471092581	0.391004171688	1
28	0.290283612778	0.899316048259	0.466897954963	1
29	0.065051617242	0.886613305528	0.378802753964	1
30	0.385816070343	0.868579061189	0.529536831507	1
31	0.120985119812	0.872040793912	0.521037969849	1
32	0.210665054697	0.852069855329	0.594470081435	1
33	0.448260199784	0.902262207147	0.386979633906	1
34	0.118290037739	0.898006376559	0.241692464766	1
35	0.758683145639	0.793112810487	-0.095319739190	1
36	0.765845527233	0.814561473398	0.094029970876	1
37	0.847165378544	0.755482489963	-0.008458687581	1
38	0.859116307584	0.712583563663	-0.170939469310	1
39	0.822698005286	0.768402686880	0.192263155359	1
40	0.939754778416	0.665153891864	-0.077553920109	1
41	0.912129347811	0.700222889173	0.089435488396	1
42	0.996592209655	0.599960878032	0.019796140232	1
43	0.753712357150	0.743992393271	-0.249339377249	1
44	0.729624122007	0.811476632861	0.301719592961	1
45	-0.247790873579	0.712947858769	0.080587642733	1
46	-0.275119788482	0.739692451763	0.241163106991	1
47	-0.153178977413	0.774703008889	0.120458122007	1
48	-0.087194102202	0.757947756106	-0.014901467306	1
49	-0.354456305059	0.668946884158	0.134225293786	1
50	-0.117844570439	0.813584602752	0.216952829602	1
51	-0.002621981441	0.822965409638	0.062457037846	1
52	0.044256902006	0.861452600522	0.143365064747	1
53	-0.312663583500	0.631502982851	-0.028487831534	1
54	-0.188370966635	0.690488603832	-0.052301147911	1
55	-0.398610502255	0.534921763005	-0.118036688928	1
56	-0.207325567548	0.784909710241	0.335820132917	1
57	-0.403976070563	0.667649404148	0.267299726157	1
58	-0.346581422881	0.709549331199	0.379512376931	1
59	-0.025101382843	0.859195614932	0.283811135226	1
60	-0.109486486057	0.828050778344	0.397011410220	1
61	-0.019023932025	0.848552182185	0.486261980976	1
62	-0.164740045541	0.782991338388	0.531049563605	1
63	-0.029154375837	0.807767116912	0.604823236769	1
64	-0.262971329001	0.748291216963	0.470304385249	1
65	-0.137981302453	0.654944459798	-0.173328257967	1
66	0.060261281205	0.800513285449	-0.063412082850	1
67	-0.028455290645	0.726362870524	-0.141677405772	1
68	-0.174120008576	0.572413469516	-0.277623673652	1
69	-0.037740840886	0.642376140252	-0.281513070543	1
70	-0.268206421821	0.592717215826	-0.154323306296	1
71	-0.477696665880	0.596746961184	0.155017785693	1
72	-0.420473943918	0.589455117536	0.025444043849	1
73	-0.565405224477	0.519237532918	0.093846365204	1
74	-0.606661826310	0.523167959179	0.234078880982	1
75	-0.634897882483	0.425604930916	-0.023097365598	1
76	-0.676164760157	0.444125541320	0.112611214656	1
77	-0.755925305409	0.356706414739	0.034360924120	1
78	-0.872112315876	0.272676391564	0.101574976111	1
79	-0.519577313577	0.593415106380	0.296062213470	1
80	-0.513954152650	0.505012784420	-0.030744371190	1
81	0.244801106467	-0.706666568462	-0.092529895372	1
82	0.391127309355	-0.623904838535	-0.052148776905	1
83	0.091600872150	-0.755643832854	-0.027272417725	1
84	0.136352969966	-0.766859086074	-0.151250211786	1
85	0.497822930400	-0.600070897496	-0.151703024922	1
86	0.236423695465	-0.674519887959	0.015625512073	1
87	-0.032517744410	-0.816694434877	-0.072254224683	1
88	-0.050933292248	-0.790205079115	0.051056223830	1
89	-0.181995624127	-0.850371037915	0.003923673178	1
90	0.364275280245	-0.671580302006	-0.171829658281	1
91	0.264182353110	-0.727302348992	-0.240480101668	1
92	0.453333990142	-0.646149596882	-0.279511910108	1
93	0.296652624991	-0.612762429301	0.089696440841	1
94	0.435872839340	-0.561039559792	0.045008438032	1
95	0.378269529905	-0.528049115933	0.170403244132	1
96	0.093508897963	-0.714284077534	0.085334785819	1
97	0.149964390810	-0.649496456309	0.165526555989	1
98	0.022159658907	-0.663332545967	0.257797652465	1
99	-0.029450563411	-0.734684044779	0.166524826777	1
100	0.118842642525	-0.586605716585	0.304182984501	1
101	-0.160999756568	-0.748721843003	0.251847383532	1
102	-0.004250955101	-0.592772993356	0.390972476166	1
103	-0.102863485137	-0.681005522222	0.328042731726	1
104	-0.172062206456	-0.805715939534	0.135607586134	1
105	0.244269014944	-0.571703997256	0.219279824800	1
106	0.140337342043	-0.778943438861	-0.288199646698	1
107	0.008473082391	-0.820009221499	-0.190923076671	1
108	0.005771556998	-0.822095400891	-0.320659077165	1
109	0.222491145305	-0.745175905805	-0.390787392963	1
110	-0.129838536622	-0.862365081832	-0.239581258880	1
111	0.078030076828	-0.785409876015	-0.431565631888	1
112	-0.111782318845	-0.842178264003	-0.379189543561	1
113	-0.043276959541	-0.796496492819	-0.493881633340	1
114	0.351354511187	-0.696468987987	-0.347610576535	1
115	-0.164019983322	-0.866576156556	-0.121561007038	1
116	0.548829483489	-0.537351955073	-0.046264692570	1
117	0.604474623953	-0.556030962319	-0.220344460935	1
118	0.659330583525	-0.493836439000	-0.112643326871	1
119	0.632187366657	-0.450352303054	0.037215112310	1
120	0.710680492563	-0.496964496496	-0.283597100491	1
121	0.738381133876	-0.401275141480	-0.014640911578	1
122	0.763345061437	-0.436787684895	-0.167898907171	1
123	0.837776411323	-0.341535382168	-0.067383072736	1
124	0.523541524538	-0.481114195475	0.107283999907	1
125	0.560551907504	-0.594533446207	-0.342771845864	1
126	-0.566763684880	-0.899290909788	0.036850011621	1
127	-0.575867226686	-0.907182516681	-0.108390239567	1
128	-0.444898773388	-0.907724715198	-0.039678019309	1
129	-0.436480206128	-0.880749460276	0.103427280227	1
130	-0.699127121334	-0.874829725932	0.075592793515	1
131	-0.441822523472	-0.908944230677	-0.181669115247	1
132	-0.304234803818	-0.861541624218	0.088995884086	1
133	-0.317279444887	-0.892561814880	-0.045728382071	1
134	-0.809930119357	-0.827035758504	0.134161801701	1
135	-0.684562745374	-0.836151144231	0.224609137531	1
136	-0.650273599640	-0.770578597617	0.367491810438	1
137	-0.557340085914	-0.889611882877	-0.255538260474	1
138	-0.688375943718	-0.871275040006	-0.205448472448	1
139	-0.669773654489	-0.831102636069	-0.340780718997	1
140	-0.300226388104	-0.897309228772	-0.173528765894	1
141	-0.396740300980	-0.888064775492	-0.309688861440	1
142	-0.253710139280	-0.880529304097	-0.297858040787	1
143	-0.365561085518	-0.848213711434	-0.432147803961	1
144	-0.230471415384	-0.843334352157	-0.434155345321	1
145	-0.520738801767	-0.855069003140	-0.379049485487	1
146	-0.571597885709	-0.865741317897	0.174541644413	1
147	-0.300183754911	-0.813279450451	0.216984912412	1
148	-0.438182291478	-0.836838677279	0.230627017663	1
149	-0.420250945847	-0.764034986497	0.365401736649	1
150	-0.303658847603	-0.755459997243	0.331591359135	1
151	-0.547116199257	-0.806084410331	0.314630405762	1
152	-0.701742830616	-0.884780242789	-0.058060681091	1
153	-0.834149239708	-0.834259068588	-0.004690783551	1
154	-0.943668600729	-0.762797352440	0.022861465861	1
155	-0.811102301331	-0.833776627719	-0.144033866074	1
156	-0.907905365034	-0.764200716680	0.170325562277	1
157	-0.924905562239	-0.762280147376	-0.122924832047	1
158	-1.007151420763	-0.682902659135	0.155510639757	1
159	-1.030523388973	-0.673636449295	0.001454918511	1
160	-0.798243026733	-0.795807023741	-0.281867449560	1
161	-0.784472464545	-0.782544912690	0.284286874370	1
162	1.048530520672	-0.055563240741	-0.426674033700	1
163	1.047234971323	0.147569783601	-0.503720691039	1
164	1.081243869390	0.073121966784	-0.405270745460	1
165	1.065410287164	-0.069598649926	-0.288655153575	1
166	1.018560539001	0.008240194508	-0.547937398751	1
167	1.091620173348	0.223998966751	-0.365589348454	1
168	1.104244074643	0.079832985101	-0.284560162118	1
169	1.116992500968	0.202343766644	-0.225837707053	1
170	1.111286423256	0.125051355216	-0.111069368632	1
171	0.979516964461	-0.129967846338	-0.546905970228	1
172	0.974702962382	-0.208352433767	-0.453025199878	1
173	0.891247600334	-0.258560989297	-0.586130775254	1
174	1.038182953006	0.286222180583	-0.472179123077	1
175	0.976768227791	0.201375178554	-0.608447060939	1
176	0.959220092587	0.338932344375	-0.564212713802	1
177	1.111571722243	0.308767082408	-0.143451120852	1
178	1.086534621222	0.340754233102	-0.291762342740	1
179	1.069167142791	0.441723050091	-0.198511244156	1
180	1.093757301155	0.385740129713	-0.040755168610	1
181	1.009765372252	0.502681002902	-0.303496430924	1
182	1.048578149969	0.511220653062	-0.076593023383	1
183	0.991855273600	0.582031564264	-0.177304193826	1
184	1.108694489823	0.217095702033	-0.025326873498	1
185	1.027632119494	0.403478744271	-0.397765764979	1
186	1.007183952277	-0.185401626374	-0.340360086975	1
187	1.025793256682	-0.145990491066	-0.180056403310	1
188	0.958503286482	-0.258342119996	-0.236855255042	1
189	0.910006274101	-0.321549559687	-0.352901230082	1
190	1.018444057117	-0.119542618892	-0.066934285407	1
191	0.859228086097	-0.365940812034	-0.219119521244	1
192	0.928256053957	-0.263657769541	-0.108281059132	1
193	0.883576630864	-0.327744056002	-0.477656669665	1
194	1.089180960180	0.003850446631	-0.168591708794	1
195	0.965417345443	0.069916474266	-0.643457603895	1
196	0.931554654259	-0.079941837984	-0.658849962934	1
197	0.868474565480	-0.009192266264	-0.746524403427	1
198	0.877408146121	0.128616759914	-0.732715394131	1
199	0.805061589239	-0.135712610483	-0.773774708835	1
200	0.773323423414	0.158590395336	-0.800261597898	1
201	0.763541106208	0.014998453515	-0.826339214808	1
202	0.652030828970	0.045805036984	-0.878715093444	1
203	0.884236535111	0.262320274867	-0.684825445101	1
204	0.861158476306	-0.203448706817	-0.682468880275	1
205	0.973849996619	0.227806231951	0.343433230928	1
206	0.920374951554	0.047825980818	0.329962350169	1
207	1.000240904830	0.128476121552	0.252711457988	1
208	1.037029746902	0.288150318462	0.231430191924	1
209	0.898838771901	0.146653895152	0.421674697763	1
210	1.005775330031	0.025898793789	0.164716068568	1
211	1.063265439049	0.187484728669	0.140833806220	1
212	1.072780608880	0.094170527451	0.053240799850	1
213	0.921596345268	0.317942979830	0.441467543331	1
214	0.985890289675	0.381540233024	0.332759239542	1
215	0.852615317507	0.374500520765	0.532932337593	1
216	0.918234158563	-0.053339564587	0.243277399524	1
217	0.823324736687	-0.022066332966	0.399180428904	1
218	0.815578578195	-0.120667574246	0.311936204052	1
219	1.064864077976	0.000155574106	-0.027264372343	1
220	0.993665721991	-0.072474636505	0.081395727562	1
221	0.940156550407	-0.194713585471	0.012903974415	1
222	0.807577866103	-0.216995500797	0.203527723926	1
223	0.846065194558	-0.272067041757	0.060701854373	1
224	0.902868444392	-0.150722222365	0.152746601266	1
225	1.045885765918	0.408206287818	0.180082060427	1
226	1.087875067960	0.308323844770	0.074202423205	1
227	1.055565103503	0.470196310005	0.070403738972	1
228	0.989683582161	0.502712702590	0.264977994239	1
229	0.990951324382	0.578365271588	0.153870259117	1
230	0.922294665369	0.473696386626	0.416510902758	1
231	0.797051160957	0.060722864650	0.491478909020	1
232	0.844272192026	0.215003250428	0.517239418601	1
233	0.740484594698	0.129236528726	0.587916451232	1
234	0.680111079545	-0.015906924363	0.548617081096	1
235	0.666344978059	0.327718551873	0.710210283055	1
236	0.626488108329	0.054576001856	0.642788218047	1
237	0.661819933308	0.196715624956	0.684310679005	1
238	0.538293621188	0.092597992446	0.726904017172	1
239	0.709507698645	-0.093139664208	0.454221174532	1
240	0.769835438477	0.273161980411	0.612019114052	1
241	-1.067374453741	-0.165129349683	0.428741359075	1
242	-1.045544934713	-0.050536165986	0.422136561697	1
243	-1.110602092044	-0.117327609797	0.273357733777	1
244	-1.124111543896	-0.237768182040	0.296857346194	1
245	-0.976198149120	0.013783163069	0.516279036481	1
246	-1.053286324918	0.017533203269	0.318860721970	1
247	-1.145023918097	-0.210299502062	0.142342693898	1
248	-1.100947027316	-0.050875810875	0.170585609527	1
249	-1.117558446619	-0.113443280228	0.048407193671	1
250	-0.979501273240	-0.123942885768	0.562654050339	1
251	-1.026375266402	-0.261906108327	0.502292119398	1
252	-0.979367986643	-0.400111171988	0.519544106993	1
253	-0.979106549201	0.110634643386	0.412400506389	1
254	-0.904383656045	0.158374343471	0.519174757247	1
255	-0.808842344325	0.309723289415	0.489553106705	1
256	-1.034762894761	0.081140231286	0.207501304200	1
257	-0.969226015506	0.169489667766	0.300804396157	1
258	-0.905482050271	0.255415724387	0.237060262752	1
259	-0.981919749832	0.115609752550	-0.005158477611	1
260	-0.829335267470	0.334554805118	0.310950133996	1
261	-0.970242058323	0.169147116892	0.128593291805	1
262	-0.793768519320	0.361122445359	0.173358865016	1
263	-1.052198609808	0.037400306925	0.070827998057	1
264	-0.888889138617	0.246872430328	0.408541263556	1
265	-1.090510592140	-0.320931371662	0.382169182498	1
266	-1.147446295403	-0.337936714366	0.182924002610	1
267	-1.116926967745	-0.417136854283	0.268807406355	1
268	-1.094916086679	-0.518818434598	0.226746811498	1
269	-1.151214696717	-0.329957266616	0.034954769343	1
270	-1.083407035607	-0.585235902399	0.123780717825	1
271	-1.137193170959	-0.454343634302	0.078157168006	1
272	-1.044120257453	-0.433643238757	0.416370379556	1
273	-1.134648757159	-0.230075823447	-0.028622529000	1
274	-0.889853208192	0.053105745895	0.617790178244	1
275	-0.897171817349	-0.078201408559	0.648806470254	1
276	-0.793373549768	-0.033322930156	0.732576216719	1
277	-0.796855026647	0.107573035540	0.693630003811	1
278	-0.849506621847	-0.196250909876	0.689902613091	1
279	-0.696651886644	0.077424814873	0.782580848629	1
280	-0.738776224974	-0.145558917614	0.766003896640	1
281	-0.649556369395	-0.032575841484	0.818571863109	1
282	-0.819806674048	0.213140391135	0.600270822098	1
283	-0.940013210192	-0.258832490990	0.604108044140	1
284	-0.947530274514	-0.104631071615	-0.340738104497	1
285	-1.019578980296	-0.186332758240	-0.286478039970	1
286	-1.025254485553	-0.070262586678	-0.190866634020	1
287	-0.939766082872	0.011991065999	-0.251300382953	1
288	-0.896115367762	-0.210414333305	-0.452912364186	1
289	-1.067196488353	-0.286949501608	-0.242588046382	1
290	-1.070043557906	-0.046256723653	-0.048424062396	1
291	-1.090433158786	-0.169083255468	-0.132698507825	1
292	-0.855554093539	-0.005629950595	-0.374908244844	1
293	-0.860523411010	0.109710517367	-0.248796488800	1
294	-0.773762490781	0.091100592863	-0.370854376106	1
295	-1.017582416126	-0.386044849066	-0.334094194389	1
296	-0.965351080552	-0.283453958800	-0.395917576937	1
297	-0.928427419965	-0.437908519979	-0.440680418001	1
298	-1.113953562392	-0.334680051282	-0.141264467911	1
299	-1.067042392859	-0.455770369783	-0.232583750394	1
300	-1.125197679143	-0.436057744878	-0.073395128551	1
301	-1.065638975376	-0.551940731791	-0.166344021238	1
302	-1.097540848687	-0.557773547073	-0.019786942842	1
303	-0.979975626672	-0.530920455594	-0.345295808209	1
304	-0.883861361527	0.159976171235	-0.140083697895	1
305	-0.987138129086	0.052300133687	-0.114670043166	1
306	-0.890624168466	0.215343836648	-0.016037406474	1
307	-0.765612016846	0.249157720652	-0.173775465761	1
308	-0.784127323960	0.294221690100	-0.060334618334	1
309	-0.741156260041	0.195348658947	-0.283440810700	1
310	-0.798513156790	-0.265489836156	-0.557064230222	1
311	-0.833915797799	-0.107687598871	-0.467282492839	1
312	-0.739909034124	-0.151762591290	-0.568232837562	1
313	-0.682423652103	-0.293999012961	-0.645193980222	1
314	-0.648173162682	-0.067000903222	-0.595257667858	1
315	-0.617032206435	-0.195256855248	-0.667051520044	1
316	-0.532153173753	-0.070266154718	-0.671957434022	1
317	-0.489735679713	-0.185385455416	-0.736326144176	1
318	-0.865168229319	-0.364283925967	-0.510187426016	1
319	-0.741120376137	-0.008710978073	-0.487313155948	1
320	-0.165242505216	-0.244419805389	0.806566771655	1
321	0.000695787091	-0.228435958188	0.771272070918	1
322	-0.062899113910	-0.145049599669	0.843051584311	1
323	-0.285343536621	-0.215780594149	0.839032521667	1
324	-0.078238157850	-0.323487389282	0.725574890089	1
325	0.102855559469	-0.123142904897	0.808161250808	1
326	-0.185576048597	-0.103965724382	0.882111511580	1
327	0.044486474415	-0.037884708104	0.873530363255	1
328	-0.077995162088	-0.005012300964	0.908939703251	1
329	-0.226431020149	-0.358463913189	0.742774922942	1
330	-0.359572139750	-0.308862587748	0.794168294729	1
331	-0.385213897609	-0.415720189645	0.728556951395	1
332	0.115716609302	-0.249641990268	0.707007209207	1
333	0.043640845710	-0.349361848280	0.649877206132	1
334	0.167387916756	-0.354961894291	0.575291505067	1
335	0.186136212307	0.029569244382	0.864162791392	1
336	0.212082043781	-0.108505022457	0.774716689378	1
337	0.301735091666	0.006947726470	0.808005965861	1
338	0.298420738110	0.141545886717	0.868804341031	1
339	0.322235411341	-0.124082429317	0.709058224712	1
340	0.420001146259	0.101636821507	0.799367811730	1
341	0.415392925463	-0.022750563495	0.732237987543	1
342	0.083300445571	0.094258681566	0.915653222976	1
343	0.223041271463	-0.232478531499	0.668195620921	1
344	-0.427385703329	-0.172867974669	0.854482535947	1
345	-0.322560724049	-0.083559761774	0.891733161080	1
346	-0.478108596244	-0.047095461576	0.877300809607	1
347	-0.512748212242	-0.260990855219	0.810299112082	1
348	-0.367804119904	0.043362767392	0.912240605390	1
349	-0.582698931257	-0.138612965349	0.832085168267	1
350	-0.541650568852	0.062011321556	0.864183398374	1
351	-0.521173998168	-0.366565652566	0.759252207119	1
352	-0.220393703155	0.029055376983	0.925211444538	1
353	-0.106975878077	-0.424094690412	0.648183444143	1
354	-0.256196891916	-0.458831792192	0.669702075631	1
355	-0.167903520075	-0.523157655145	0.574092747894	1
356	-0.046102324507	-0.523190970972	0.510192517580	1
357	-0.267674560027	-0.604745523088	0.525934044814	1
358	-0.138886872822	-0.614096113367	0.449976169390	1
359	-0.244065185903	-0.689018396825	0.405250453478	1
360	0.022805979065	-0.442110909158	0.564428630305	1
361	-0.341816258257	-0.540212806044	0.618281072128	1
362	0.051685647199	0.395501926120	0.940158048691	1
363	-0.094971435825	0.407210305804	0.931356079565	1
364	-0.052878187233	0.278618931473	0.953260455623	1
365	0.184447067401	0.349980684334	0.930543892296	1
366	0.010117908792	0.519570396179	0.902470325229	1
367	-0.191657321521	0.272031455689	0.943043189592	1
368	0.076822303193	0.249328126392	0.945479505436	1
369	-0.033617728730	0.132016257266	0.941562634188	1
370	0.157910758056	0.496454116078	0.908489642687	1
371	0.292437034639	0.441993062601	0.896425815096	1
372	0.372433178024	0.636173099365	0.802644254217	1
373	-0.237337143021	0.391483711449	0.907597388247	1
374	-0.137402711107	0.521220474922	0.877785324188	1
375	-0.278115729413	0.496512184608	0.843215623426	1
376	-0.160682275889	0.142475660660	0.945525057342	1
377	-0.343761389615	0.281532947638	0.906535169953	1
378	-0.309618932062	0.163558863633	0.929091067692	1
379	-0.490342821574	0.269907116401	0.849638212906	1
380	-0.460304678120	0.158639518975	0.887641005353	1
381	-0.388455331996	0.388810096243	0.851427556468	1
382	0.305624721146	0.294751437012	0.898248541295	1
383	0.193683742890	0.191908602060	0.915533617064	1
384	0.418761838069	0.226561432334	0.842349282383	1
385	0.423534240202	0.366912939636	0.856589818390	1
386	0.547465107828	0.217082199977	0.770719341683	1
387	0.400927405410	0.507256101109	0.846878630602	1
388	-0.037899379208	0.628251610798	0.831855302835	1
389	0.108298159450	0.620374141027	0.853704212508	1
390	0.062008234936	0.721693356321	0.767158504311	1
391	-0.080244467196	0.714451912069	0.733121312395	1
392	0.213868820278	0.696097606479	0.795361970149	1
393	0.065468397982	0.800224438861	0.663734329164	1
394	0.203716633171	0.783271147907	0.706334676971	1
395	-0.181551990172	0.617106581017	0.793351242314	1
396	0.259173472295	0.581985142529	0.860661735678	1
397	0.102351587838	0.278813129555	-0.776397944991	1
398	0.232902551586	0.301496300504	-0.801325716403	1
399	0.109260294018	0.164211896433	-0.849605337483	1
400	-0.022253032771	0.177860783073	-0.794325455359	1
401	0.203798170968	0.406051652092	-0.710065825396	1
402	0.250187975405	0.194517016713	-0.868075235200	1
403	-0.015134636779	0.057625901147	-0.859093192219	1
404	0.129235819831	0.050464080776	-0.902877885570	1
405	0.061749639309	-0.065692620291	-0.917920623799	1
406	-0.006129935632	0.305058190244	-0.708381286580	1
407	-0.125322908036	0.221866641277	-0.714935202388	1
408	-0.174955295300	0.295263316004	-0.623151935694	1
409	0.381000955689	0.301333374013	-0.825801173033	1
410	0.339339014791	0.402592897972	-0.748420466539	1
411	0.489440069730	0.397045962037	-0.763266919294	1
412	0.266732701877	0.074613143650	-0.918499805929	1
413	0.395252230882	0.188345136854	-0.885013873644	1
414	0.400605538212	0.055281205719	-0.927913677937	1
415	0.340700639134	-0.071859880258	-0.947550347075	1
416	0.528405389740	0.160202508589	-0.886152707616	1
417	0.464962524720	-0.110974923586	-0.934623851365	1
418	0.525958568669	0.021247215259	-0.918400633242	1
419	0.212899725271	-0.065929104631	-0.942427925408	1
420	0.528923479947	0.287584950332	-0.830213636300	1
421	-0.244520513029	0.139096628598	-0.712301852760	1
422	-0.144820146632	0.089793406864	-0.792400451416	1
423	-0.284600829477	0.010939786906	-0.767345342851	1
424	-0.367803693039	0.105997122869	-0.665243055256	1
425	-0.199160664971	-0.055710460591	-0.832248862738	1
426	-0.421843492438	-0.003274767160	-0.702340375053	1
427	-0.378573516531	-0.112323432380	-0.770880929587	1
428	-0.291919959137	0.228184560590	-0.612596987017	1
429	-0.087179020723	-0.049081227524	-0.871798853296	1
430	0.297677775164	0.502389373855	-0.646594126043	1
431	0.096613156098	0.403567740112	-0.669002757099	1
432	0.184493704817	0.522820098160	-0.583030785292	1
433	0.308284738510	0.603308689592	-0.533648393746	1
434	0.048772446171	0.473296695731	-0.570715990596	1
435	0.157904720254	0.595862568984	-0.479299827399	1
436	0.022766727587	0.545456952970	-0.466278453077	1
437	0.436472538473	0.493524123900	-0.680452659546	1
438	-0.058037663077	0.376608158415	-0.613225105463	1
439	0.137000361662	-0.459273770828	-0.865335266625	1
440	0.016338795691	-0.417968210599	-0.880795562709	1
441	0.007438726351	-0.290083307038	-0.912558860979	1
442	0.148977244624	-0.321186378015	-0.920353051868	1
443	-0.024544355214	-0.540142159466	-0.815430337805	1
444	-0.128371586303	-0.334263276971	-0.878458377046	1
445	0.123244431841	-0.185683487830	-0.937771801615	1
446	-0.034996985454	-0.171137928555	-0.908423727919	1
447	0.125541051399	-0.560987377439	-0.796487361896	1
448	0.282905631054	-0.473044102095	-0.840063722939	1
449	0.395851550378	-0.486487812610	-0.796858311942	1
450	-0.131760263937	-0.451384094094	-0.847609204130	1
451	-0.199320930698	-0.550237912671	-0.789140211401	1
452	-0.357376886885	-0.529751137446	-0.760732170712	1
453	-0.164124798788	-0.206732624647	-0.874661452666	1
454	-0.276088286826	-0.314172205533	-0.838732372829	1
455	-0.287179663787	-0.170250578881	-0.826044027122	1
456	-0.432315969011	-0.403481094774	-0.771188327211	1
457	-0.400526876605	-0.275633983735	-0.791869033528	1
458	-0.283589229546	-0.431245125993	-0.817293606860	1
459	0.270532448748	-0.360708735535	-0.903586657703	1
460	0.261244463687	-0.210567956549	-0.943782894151	1
461	0.381086759240	-0.232788928106	-0.930742100473	1
462	0.520726817108	-0.240768114924	-0.895921304477	1
463	0.599066755633	-0.106146350733	-0.898717679363	1
464	0.411170567215	-0.355179317456	-0.881105756459	1
465	-0.110821184922	-0.633440216484	-0.741345215748	1
466	0.031173968418	-0.644184086090	-0.727391883154	1
467	-0.048773627625	-0.724176352145	-0.636404849854	1
468	-0.192131201596	-0.714675730798	-0.655898359872	1
469	0.149211058313	-0.668758738104	-0.670380015323	1
470	-0.162407269281	-0.788552522420	-0.547602387837	1
471	0.066554505318	-0.738571066253	-0.579521239378	1
472	-0.283507203649	-0.639100022223	-0.715313276803	1
473	0.243344047312	-0.584018362391	-0.750459808623	1
474	0.739700978500	0.536754440814	0.619685398815	1
475	0.746663842543	0.644310523615	0.547913150123	1
476	0.630449093191	0.691662320146	0.620292081870	1
477	0.625535275077	0.589553535697	0.693306007347	1
478	0.828620559294	0.640243857469	0.445370765753	1
479	0.500033648013	0.793715220263	0.601600896011	1
480	0.503758638582	0.605962905388	0.762601437089	1
481	0.496566893631	0.715121948491	0.691753700213	1
482	0.843275938415	0.513824265012	0.513486703191	1
483	0.761402295935	0.413355381492	0.629156760504	1
484	0.636570420560	0.772356657177	0.521792634534	1
485	0.725301221008	0.757985155064	0.438630696603	1
486	0.353928860229	0.735949506207	0.733339396381	1
487	0.527211855371	0.851309130197	0.480377704300	1
488	0.347351243759	0.816786523481	0.639098557386	1
489	0.642852116354	0.456875747288	0.723853428123	1
490	0.527496218552	0.478095581260	0.794343490209	1
491	0.542728069898	0.340379822572	0.794822208036	1
492	0.827676318768	0.719099684293	0.334175067527	1
493	0.916392720133	0.588775898150	0.346035848222	1
494	0.914489478252	0.664170896204	0.231071171212	1
495	-0.605496466083	0.477129680247	0.574487260943	1
496	-0.518369243401	0.483993526429	0.683425864969	1
497	-0.497018761656	0.573777030291	0.560616425125	1
498	-0.574872960725	0.545585260941	0.445906206340	1
499	-0.631496784361	0.376955724822	0.678316682391	1
500	-0.409365826687	0.587162690859	0.661641824154	1
501	-0.465954519534	0.630694604873	0.416325762268	1
502	-0.387587922398	0.663581606837	0.522792011591	1
503	-0.730122525494	0.323382650641	0.611527696714	1
504	-0.697863002956	0.418471462365	0.512142231478	1
505	-0.371504801539	0.527005741695	0.766718314801	1
506	-0.485117851148	0.415886603601	0.777064483970	1
507	-0.298311524056	0.686839514724	0.609386068980	1
508	-0.270408221027	0.633922077891	0.723264000239	1
509	-0.164882009798	0.736442573347	0.648689263708	1
510	-0.752321444382	0.401100116027	0.389280728288	1
511	-0.647697456416	0.496063228639	0.374620906992	1
512	-0.714530825762	0.439958959194	0.251963916851	1
513	-0.591463575883	0.307186833426	0.769003994943	1
514	-0.714090440062	0.224244841715	0.712994650772	1
515	-0.614730004938	0.175350143443	0.810020946356	1
516	0.831782737786	0.507462464985	-0.549456233335	1
517	0.704801725269	0.530498711484	-0.602383581817	1
518	0.673486167592	0.620604263273	-0.510299609825	1
519	0.804109946909	0.600295351875	-0.460056730416	1
520	0.738950867102	0.424283737374	-0.682330132712	1
521	0.548239082237	0.626146662466	-0.533489525959	1
522	0.683897780505	0.695588045508	-0.395433000600	1
523	0.548873386564	0.710522634768	-0.412655846109	1
524	0.853765676001	0.393699282976	-0.632742154549	1
525	0.941271257300	0.453246289366	-0.492314891658	1
526	0.569454441337	0.529973756267	-0.640509999384	1
527	0.609450703360	0.433536999836	-0.720131820179	1
528	0.422368048009	0.676428596343	-0.461875392586	1
529	0.427882352807	0.584753047797	-0.582455566374	1
530	0.267111886971	0.670942360963	-0.425923821842	1
531	0.923384804234	0.550765978340	-0.397176981199	1
532	0.813645113320	0.667508135000	-0.344678199811	1
533	0.914957162634	0.628934958811	-0.272780829457	1
534	0.655028957438	0.317646797363	-0.786536410372	1
535	0.774223000799	0.293354923107	-0.747828981958	1
536	0.655913579376	0.185468162225	-0.845559707310	1
537	-0.532141693821	0.291220037545	-0.363820819767	1
538	-0.409250244366	0.385475544856	-0.345470242680	1
539	-0.435026495629	0.281900567713	-0.455725006077	1
540	-0.539048004775	0.183100539276	-0.482155441360	1
541	-0.511216399687	0.382183680142	-0.255443823056	1
542	-0.307975316170	0.405071594632	-0.404358648950	1
543	-0.323596777124	0.307537163467	-0.510800972957	1
544	-0.203872683453	0.374917470529	-0.519948597889	1
545	-0.636419100126	0.217779323373	-0.361399774229	1
546	-0.665175764104	0.116501608083	-0.446261882012	1
547	-0.284441074208	0.505345482918	-0.282834881562	1
548	-0.389483104360	0.476971607854	-0.227882094847	1
549	-0.091401583495	0.453420237364	-0.505768840872	1
550	-0.196746809135	0.472530227909	-0.403382229597	1
551	-0.084759547768	0.549673798248	-0.384293483122	1
552	-0.610485650983	0.049888673939	-0.546690696250	1
553	-0.425970973516	0.181619056516	-0.566278868853	1
554	-0.509136407435	0.071479223801	-0.601335471054	1
555	-0.525200964809	0.438925579289	-0.146294026532	1
556	-0.633899630530	0.308101181173	-0.240485585689	1
557	-0.654682256350	0.360538637768	-0.127694086184	1
558	0.584544211268	-0.265247943157	0.376827804234	1
559	0.453270026927	-0.305720425697	0.434822240058	1
560	0.432064820218	-0.385151860458	0.347298019228	1
561	0.567594762514	-0.346057087649	0.283650282862	1
562	0.467682453280	-0.220115495495	0.524203871096	1
563	0.296006172678	-0.413664946202	0.415648553320	1
564	0.490506334063	-0.436004273198	0.219158991606	1
565	0.351254242510	-0.473246654308	0.285590346112	1
566	0.597334975926	-0.178077464540	0.467936494002	1
567	0.710336617780	-0.188625703776	0.351650858078	1
568	0.322236212898	-0.328620270725	0.504047823749	1
569	0.309333961644	-0.260027000678	0.589570711826	1
570	0.223763801093	-0.504215273621	0.344449503834	1
571	0.170536894505	-0.427967016497	0.487423211518	1
572	0.097542412736	-0.510032729580	0.432552603078	1
573	0.697517156532	-0.276642644174	0.252219969413	1
574	0.635172225486	-0.379868145891	0.163450764671	1
575	0.745275681677	-0.330181041993	0.112838787023	1
576	0.411464168854	-0.164141723325	0.620426293778	1
577	0.564460862394	-0.102549504119	0.569799475167	1
578	0.507046192272	-0.046272952321	0.658503053077	1
579	-0.842411379968	-0.498669837866	0.578387445014	1
580	-0.772267566573	-0.621836032950	0.514669585643	1
581	-0.693617481628	-0.561667979713	0.597791216482	1
582	-0.742203928834	-0.446699056690	0.661297193967	1
583	-0.894058797794	-0.635079790701	0.419272640646	1
584	-0.570349516073	-0.615302306157	0.570352814524	1
585	-0.589825711104	-0.493951561016	0.671136742235	1
586	-0.471235065159	-0.497518259983	0.674009429293	1
587	-0.919517215878	-0.537513747981	0.491766407925	1
588	-0.879523043732	-0.375613935598	0.619802751534	1
589	-0.648510581751	-0.688577699036	0.482140853393	1
590	-0.777530680764	-0.713329831835	0.404909199422	1
591	-0.451693513813	-0.610368038070	0.570433071062	1
592	-0.517253858260	-0.718191567239	0.451610535074	1
593	-0.380188686194	-0.674116317543	0.482139863983	1
594	-0.786809311275	-0.311498866976	0.702201112731	1
595	-0.651155374884	-0.374623925251	0.730576736459	1
596	-0.667185814796	-0.246857895944	0.776667521707	1
597	-0.902272474488	-0.711880532154	0.301468868544	1
598	-1.019682163823	-0.538867793946	0.371648875883	1
599	-1.002461206681	-0.627528524801	0.289192114376	1
600	0.656190647320	-0.454462087965	-0.654284656442	1
601	0.530357543986	-0.552772309415	-0.621491614044	1
602	0.504469686832	-0.502741949029	-0.722970670691	1
603	0.623779000176	-0.396801536626	-0.753201932597	1
604	0.673767649836	-0.495489151069	-0.543963989398	1
605	0.417043726975	-0.625623768676	-0.580988690274	1
606	0.518028449531	-0.387547727446	-0.823794888929	1
607	0.365550800245	-0.585148617447	-0.698400709017	1
608	0.789672614704	-0.383538181856	-0.580424620894	1
609	0.763576525807	-0.334238931072	-0.685096271445	1
610	0.458515119313	-0.642171675461	-0.441358937646	1
611	0.562109188758	-0.579034376894	-0.496870535844	1
612	0.271037748420	-0.666070862560	-0.615803236357	1
613	0.329373066734	-0.689865879440	-0.487669767399	1
614	0.187102297088	-0.730761825465	-0.519574020956	1
615	0.728606397965	-0.265607433591	-0.774070006719	1
616	0.626007738843	-0.267231054042	-0.840629216871	1
617	0.702762071685	-0.121029218060	-0.848827009445	1
618	0.665665159334	-0.529616837899	-0.406512477930	1
619	0.777155997615	-0.439011789691	-0.458012038540	1
620	0.808178470334	-0.423887727670	-0.341182207447	1
621	-0.746989018677	-0.635861225377	-0.518554208935	1
622	-0.573774980500	-0.600309993226	-0.643855200669	1
623	-0.638574461745	-0.693383779621	-0.544870478109	1
624	-0.856734558999	-0.676488356265	-0.386980047418	1
625	-0.680033268571	-0.539350713161	-0.614540989625	1
626	-0.502512680527	-0.714223190428	-0.590450099635	1
627	-0.750989211936	-0.742397901633	-0.415790713254	1
628	-0.609941940479	-0.783178986428	-0.461979986490	1
629	-0.805338816822	-0.506865803570	-0.538681454399	1
630	-0.875719640757	-0.572919209903	-0.446797714919	1
631	-0.438178453693	-0.616640213725	-0.689210406277	1
632	-0.511673112924	-0.493257233165	-0.717321170849	1
633	-0.465695999510	-0.798340200989	-0.503017594054	1
634	-0.362073225448	-0.719050139465	-0.628064893364	1
635	-0.306219382195	-0.786017229705	-0.553530479718	1
636	-0.975847391653	-0.623471534042	-0.280259931227	1
637	-0.905977189491	-0.726288216127	-0.256065589397	1
638	-1.013934640366	-0.662436534842	-0.136328061855	1
639	-0.619387237729	-0.423625568227	-0.680471830188	1
640	-0.747268463106	-0.406590260095	-0.603024149172	1
641	-0.542423405917	-0.318386709773	-0.727357147316	1
