0	-0.925803016922	-0.113070818833	-0.000535322141	1
1	-0.959898550830	-0.070150005264	0.003956159502	1
2	-1.002328197174	-0.134244367595	0.000076012191	1
3	0.965849863208	-0.073026751940	-0.002592121762	1
4	0.934488318475	-0.115338369569	0.005241475726	1
5	1.008939939539	-0.140138859891	0.001568507296	1
6	-0.905214929614	0.715204877638	0.000813040261	1
7	-0.921995301407	0.660908243050	0.006922974649	1
8	-0.845044122964	0.670351209716	0.005265754768	1
9	-0.930874939239	0.282554563972	0.003375416296	1
10	-0.933335855467	0.339503106400	0.003476971561	1
11	-0.996807891299	0.322285809369	0.005800241965	1
12	-0.841393902626	0.721717867086	0.002659537529	1
13	-0.896879768290	-0.657733827298	0.003251824327	1
14	-0.831301957751	-0.663620720387	0.000350456304	1
15	-0.833434770847	-0.607173683349	0.000094477985	1
16	-1.013589700572	-0.076610805168	0.002946333026	1
17	1.020033102011	-0.084463137109	0.000822718260	1
18	-0.921056669591	-0.211240491411	-0.001064849467	1
19	-0.844139270470	-0.208320575581	0.001086987787	1
20	-0.884604926742	-0.161968148076	0.003323573158	1
21	0.890188957958	-0.162327049841	-0.001941474986	1
22	0.852290687100	-0.209058561863	0.003203339916	1
23	0.927071362570	-0.212213022390	0.004680298610	1
24	-1.008171379257	0.267403149420	0.000087266447	1
25	0.856103242789	-0.653608717199	-0.000017047903	1
26	0.922926567910	-0.599929001585	0.004522500800	1
27	0.840010252283	-0.609035527146	0.000336687735	1
28	-0.915589348661	-0.603243286508	-0.003730079236	1
29	0.643969706723	0.869558745130	0.002028614936	1
30	0.593968696013	0.936337108018	0.005837417398	1
31	0.586577909427	0.867017211952	0.002596426783	1
32	0.649449627589	0.933411084847	-0.001494990958	1
33	0.255187096813	0.923704285772	0.000322046602	1
34	0.251664988406	0.994885182231	0.004183724364	1
35	0.205740303852	0.944758132897	0.000912881604	1
36	0.196614063090	1.007812698248	0.000595559303	1
37	-0.043843246750	0.943023162003	0.005694237867	1
38	-0.042044148822	1.011384462143	-0.000681979587	1
39	-0.099453332073	0.956817186246	0.000147727508	1
40	-0.099551835481	1.018332251653	0.005315188257	1
41	-0.459136860261	0.899901132657	0.000775717155	1
42	-0.436641515667	0.841346548803	0.005062993421	1
43	-0.407688723900	0.910329482966	0.004618401273	1
44	-0.386575182961	0.841582568561	0.001001120096	1
45	0.876140888219	-0.505190206880	0.002289075149	1
46	0.791365577383	-0.512347555507	-0.001489893605	1
47	0.812703758526	-0.558384707864	0.001926547106	1
48	1.018286084658	0.136901577110	-0.001167687615	1
49	1.015233758643	0.191868377272	0.003667879558	1
50	0.949950937714	0.166345522346	0.001885817240	1
51	0.957304010233	0.463492784713	-0.001102290976	1
52	0.876140023417	0.462272481106	0.003317942541	1
53	0.925955011214	0.410592401048	0.001521499550	1
54	0.950239361090	0.309664374497	0.000919795872	1
55	0.928724908311	0.267283926457	0.002991333349	1
56	1.008083535943	0.249046081006	-0.001540143044	1
57	-0.944662536967	-0.491021178982	-0.003326191536	1
58	-0.931525755765	-0.546237761137	0.003570731645	1
59	-0.865498398404	-0.508039720473	-0.000568123701	1
60	-0.947414987552	0.178405565000	0.001823113225	1
61	-1.014634863057	0.209556348962	0.005316422849	1
62	-1.021380444893	0.154034015255	-0.000107971375	1
63	0.818150849504	-0.760649694763	0.000264117652	1
64	0.762942596553	-0.829615799510	-0.003288835877	1
65	0.841773456871	-0.811798468286	0.003946978305	1
66	0.856349440230	0.619639206680	0.005128319380	1
67	0.830816511247	0.675928013207	0.000125089554	1
68	0.759642009226	0.660030643246	0.006192545075	1
69	0.793270483362	0.601562420555	-0.001955580025	1
70	0.833303614365	-0.463709719236	0.000871712986	1
71	-0.864995575191	-0.253670046123	0.003598051616	1
72	0.871132940982	-0.255666589908	-0.002288075821	1
73	0.844638545007	0.723902613675	0.003643970909	1
74	0.902771276559	0.675504568947	-0.001811073921	1
75	0.914519536349	-0.655680618882	-0.003314616700	1
76	-0.155496788290	0.997203163793	-0.000590209052	1
77	-0.148291587415	0.923929509046	0.004392886113	1
78	-0.657394535538	0.905831845756	0.006420153008	1
79	-0.655063202260	0.826430784854	0.002252424907	1
80	-0.604872703263	0.871005302944	0.005536343632	1
81	-0.604783339765	0.937864280186	0.000540085715	1
82	-0.204592503237	0.939201348597	0.001243330407	1
83	-0.211093647481	1.003867556393	0.005895243795	1
84	-0.266682131440	0.985963942144	-0.000874860055	1
85	-0.253907508684	0.912278843571	0.004095517984	1
86	-0.308263205523	0.925410656403	0.002200504672	1
87	-0.322645171694	0.988144444375	0.006336565852	1
88	-0.377946334536	0.971072085432	-0.000529092797	1
89	-0.768427687187	0.872001431686	0.007770249565	1
90	-0.759540853521	0.805273396857	-0.000049368552	1
91	-0.707156805275	0.842032415260	0.004954458289	1
92	0.143583642317	1.008200379650	0.003421523537	1
93	0.150502139280	0.941414534457	0.004614777685	1
94	-0.712779956692	0.907727179403	0.000572984587	1
95	0.053508763197	0.961506329267	0.005270961107	1
96	0.052549271079	0.890089709722	0.003586685627	1
97	0.103348780486	0.898286497298	0.001407299399	1
98	0.305486154490	0.978924995577	-0.000257878755	1
99	0.300184703472	0.897139389456	0.005909122427	1
100	0.348340480336	0.920875953920	-0.002419463263	1
101	0.360810959868	0.986106909522	0.004606721395	1
102	0.706853786540	0.821250537896	0.000236691743	1
103	0.700807799398	0.897355650982	0.006487694145	1
104	0.760124886328	0.835273815598	0.002939548581	1
105	0.757151682642	0.900332911869	-0.001838396955	1
106	0.811023774757	0.870714559863	0.006320314965	1
107	0.441507412911	0.850952442705	0.000842140844	1
108	0.492369193611	0.818546042208	0.002258299227	1
109	0.495236233811	0.892813227409	0.005868027961	1
110	0.414361760905	0.963853712148	0.000392283156	1
111	0.446368661446	0.918951341429	-0.002847347921	1
112	0.536894480114	0.941871879654	-0.001959187370	1
113	0.011105193124	1.000349135281	0.003321100391	1
114	-0.510583812851	0.902993793398	0.005886770320	1
115	-0.497230751436	0.835241599104	0.003430749459	1
116	-0.547948787299	0.943549824248	0.005616731289	1
117	0.103755780044	0.969856153514	-0.000991328988	1
118	0.399929355912	0.894302284698	0.007178353216	1
119	-0.552166757934	0.866055754157	0.000550592129	1
120	0.826287087940	0.801895511808	-0.000627145269	1
121	-0.356715826459	0.901242388853	0.002583912810	1
122	0.537899407738	0.860150723737	-0.000832749694	1
123	0.010275431003	0.929000980446	-0.002204166285	1
124	1.033981268387	0.582231833236	0.002245257252	6
125	0.922399862946	0.620955070926	0.005847574976	1
126	0.919857586083	0.565539540462	-0.001686346703	1
127	0.955014427487	0.519266396344	0.005637183932	1
128	0.985627010775	0.413537959103	0.005413738123	1
129	1.008773608539	0.305453344944	0.005034091932	1
130	1.014621259649	0.079785985926	0.003916114873	1
131	1.129546821749	0.111263194581	0.001214716477	6
132	-0.868768018181	0.318367904388	0.001237701572	1
133	0.682656701590	0.512175602106	0.002673391698	1
134	0.752067444337	0.506297528622	-0.001264879224	1
135	0.705302991282	0.560956455305	0.001572082085	1
136	-0.893267010446	-0.456121424416	0.003475403171	1
137	0.876792299167	-0.762722541903	-0.003953681305	1
138	-0.965969630901	0.126180733611	0.004761737218	1
139	0.964867397596	0.113131599112	-0.000483985798	1
140	-0.948536972368	-0.163763635626	0.004021275527	1
141	0.953286758659	-0.166320432968	-0.002779792045	1
142	-0.771441709679	-0.648835895705	-0.003079226419	1
143	-0.827705256945	0.868851542519	-0.000305379546	1
144	-0.816516801680	0.804760527642	0.007316803384	1
145	0.901463880637	0.728476275958	0.006299963647	1
146	0.788291150323	0.766294538083	0.005493115934	1
147	0.868255486687	0.777142590825	-0.001667713625	1
148	-0.958530130463	0.231689416009	0.003817558677	1
149	0.895360618974	0.508957169658	0.002369218275	1
150	0.932720523750	0.069265118995	0.003660342493	1
151	0.898722591223	0.025779529322	-0.001584264907	1
152	0.968489650092	0.024641065421	-0.001225683912	1
153	-0.871372893769	-0.560631809753	0.001483182521	1
154	0.803426689338	-0.714205325879	-0.001660319325	1
155	0.884171841010	-0.707124408174	0.004387469577	1
156	-0.966240517518	-0.313442229890	0.000499032269	1
157	-0.903214014038	-0.353565198535	0.005010590788	1
158	-0.884687233658	-0.304222141070	-0.002710510284	1
159	0.889872107067	-0.306760621257	0.005211139534	1
160	0.916517919362	-0.353101517044	-0.003903824598	1
161	0.973645234851	-0.311982988933	0.002842115631	1
162	-1.031946623424	-0.577113474590	-0.000751804587	5
163	-1.121121250798	0.240946400676	0.002349249787	5
164	0.983711742364	0.358379295356	-0.001202796993	1
165	0.903350152012	0.364296008872	0.003598579565	1
166	1.130829342791	0.058813033083	0.001210865977	6
167	-0.928149636124	-0.019503862433	-0.000403635249	1
168	-0.957898172892	0.024120301937	0.005061627031	1
169	-1.010337380432	-0.022849355274	-0.000012694212	1
170	1.014741846527	-0.029324679176	0.002722944885	1
171	0.938383761382	-0.022354749453	0.003909647081	1
172	0.959620087269	0.217056253407	0.001365098444	1
173	0.773107046164	0.553827961904	0.005783423498	1
174	0.881617734349	-0.557316458061	-0.001257923139	1
175	-0.875417546877	0.769811020470	0.007291542707	1
176	-0.789697262631	0.759313984662	0.002117111314	1
177	-0.765271511518	-0.826343704626	0.001957043238	1
178	-0.847435949917	-0.822242367694	-0.004531058698	1
179	-0.802526278591	-0.865152198540	-0.004999388854	1
180	-0.877946421429	0.620161636600	0.001708119416	1
181	0.804198258807	-0.865444664034	0.004492127627	1
182	0.975364874620	-0.366765768290	0.000476345857	1
183	-0.966252538514	-0.366544211556	0.000060713880	1
184	-1.020315414475	0.032483801017	0.002862904389	1
185	0.878215162813	0.315855819198	-0.000136981710	1
186	-0.808200324169	-0.784656296957	0.001797256916	1
187	-0.930856287122	-0.264555018255	0.004044061505	1
188	0.932178280367	-0.263629851214	-0.002437926948	1
189	0.821266334845	0.509001695003	0.000217179873	1
190	0.783690073500	-0.664544494186	0.002757564533	1
191	-0.847986354457	0.575699395530	0.006293638342	1
192	-0.906520220764	0.566711676095	0.003339516826	1
193	-0.893822620032	0.515650416965	0.003335033237	1
194	-0.959209799530	0.546789801710	0.006337394277	1
195	0.858104044111	0.267024494110	0.003464652813	1
196	0.895833640245	0.216981726448	-0.000630569617	1
197	-0.811458052220	0.363294872577	0.003400421502	1
198	-0.761970920896	0.406314712330	0.005981613397	1
199	-0.836758877347	0.416262731584	0.002279338555	1
200	0.843211214004	0.561146789991	0.002897143481	1
201	-0.850056683493	0.471189338264	0.006184809329	1
202	-0.788444520755	0.452233716294	0.001343898358	1
203	-0.766664673241	0.509713949908	0.005743994025	1
204	-0.876868022694	0.370727405931	0.006064035757	1
205	0.972194415511	-0.430315921324	-0.002157772789	1
206	0.928477676558	-0.401908179530	0.004992856442	1
207	0.901537826607	-0.452767072793	-0.002589720158	1
208	-0.917787555323	-0.402990319051	-0.003313562916	1
209	-0.963065843669	-0.429751027590	0.003444368321	1
210	0.513563549274	-0.812417592293	0.002711049406	1
211	0.486775416623	-0.881872038080	0.001877649491	1
212	0.541835297743	-0.869390580660	-0.001478677655	1
213	0.372113712383	-0.779325568425	-0.001154746034	1
214	0.318298905491	-0.787141202539	0.003199217194	1
215	0.349692127914	-0.844323239326	-0.001096106114	1
216	-0.722416058590	-0.709154026277	0.000737689518	1
217	-0.704847550820	-0.653544586022	0.000267496518	1
218	0.765170800595	0.025543477884	0.000589716744	1
219	0.800850541533	-0.020376934604	0.000969684149	1
220	0.833018873756	0.028306494628	0.000095849902	1
221	0.869195736082	-0.020274928093	0.002866418581	1
222	0.869175060210	0.077242401678	0.002005277964	1
223	0.295768738048	-0.853050680555	0.002650340876	1
224	-0.630023893201	-0.512502194727	-0.000441190634	1
225	-0.679411316376	-0.460120089812	0.000362144926	1
226	-0.704312962124	-0.505300837144	0.002757185734	1
227	-0.680824170321	-0.605736434939	0.000125510257	1
228	-0.725881803160	-0.553452362326	-0.001984754317	1
229	-0.753611307453	-0.599917289868	0.003845188706	1
230	0.342045260377	-0.723153639245	0.002786492915	1
231	-0.536816367885	-0.471370588985	0.000947014443	1
232	-0.605298566288	-0.465534576129	0.003100365105	1
233	-0.562161961098	-0.519482380181	0.001544117677	1
234	-0.587088452278	-0.568400464882	0.001574552468	1
235	-0.653886357908	-0.559332909816	0.002180982903	1
236	-0.613440417874	-0.618679941188	-0.000600858342	1
237	0.625186657944	-0.078778456390	0.000695485319	1
238	0.589481224016	-0.130447494959	0.000833978481	1
239	0.655594199614	-0.125144093244	0.000791706851	1
240	0.396406692960	-0.715887281083	-0.000661103730	1
241	0.496890924366	-0.075546605582	0.000800949793	1
242	0.533498629477	-0.025119794354	0.000776258821	1
243	0.468807420647	-0.023969537266	0.000988999332	1
244	-0.285073567357	-0.731039950574	0.002795608454	1
245	-0.338699000537	-0.724741983937	-0.000852495257	1
246	-0.314998447911	-0.787657262809	-0.000547211238	1
247	-0.513864568872	-0.422522567020	0.002648576033	1
248	-0.582596046592	-0.418297383324	0.000330603067	1
249	-0.483657655544	-0.880445252553	-0.001053009792	1
250	-0.511323639104	-0.811434873807	-0.002030089291	1
251	-0.539450228153	-0.868777302651	0.001681357297	1
252	-0.638153481750	-0.669950442446	0.002402299909	1
253	-0.660880975724	-0.722871618149	-0.002384733457	1
254	0.731527903064	-0.023320276274	0.000591735408	1
255	0.693979285863	-0.073714426238	0.001088054271	1
256	0.763573573950	-0.069476340980	0.000964235229	1
257	0.367851441917	-0.660119167002	0.002408094599	1
258	-0.635820880595	-0.219212574401	0.002260100235	1
259	-0.568442896921	-0.219284316950	0.002153521236	1
260	-0.611096734676	-0.170733952080	0.003073172790	1
261	-0.435707430560	-0.539076748479	0.000743696096	1
262	-0.398823471173	-0.598993984660	-0.000032429343	1
263	-0.375228139461	-0.545075246479	0.002594497153	1
264	-0.493183096286	-0.372054461390	0.001211389223	1
265	-0.542463840792	-0.321455469065	0.002088647045	1
266	-0.560775320587	-0.370773624666	0.002640864096	1
267	0.502208338690	0.026939330794	0.000892285727	1
268	-0.609056587035	-0.317550791155	0.001198876566	1
269	-0.630132314752	-0.365884997946	0.002504448679	1
270	0.313578896741	-0.666776223115	-0.000024227436	1
271	-0.657224403627	-0.267512865821	0.002003526455	1
272	-0.678763784172	-0.314283607304	0.002469055388	1
273	-0.349709510156	-0.322229208436	0.002827278876	1
274	-0.290215401963	-0.322200749698	0.002328165421	1
275	-0.328464574322	-0.269401260877	0.002461111691	1
276	0.340821053114	-0.604747561183	0.000205156842	1
277	-0.261320567118	-0.794380067083	0.002155416510	1
278	-0.291439889881	-0.853408589720	-0.000393448837	1
279	-0.237380537533	-0.860279047835	0.001524149226	1
280	-0.390884704787	-0.429924813196	0.002255748419	1
281	-0.333223712752	-0.431780295495	0.002173184524	1
282	-0.369984561670	-0.374626917511	0.002032768178	1
283	-0.365831947099	-0.661374675446	-0.000820237240	1
284	-0.310871674425	-0.668039233123	0.003593405039	1
285	-0.340847678479	-0.606025202671	0.003331781681	1
286	0.529632359219	-0.934311584229	-0.002524280171	1
287	0.560809291523	-0.078070026799	0.000764528211	1
288	0.052365485838	0.508658190779	0.002515325403	1
289	0.025105065081	0.570062048267	0.002259908332	1
290	0.000895418220	0.506953957354	0.002780062022	1
291	0.748643538462	-0.773797176816	0.002687506202	1
292	0.706741807254	-0.834676785455	0.002520099325	1
293	-0.310314383557	-0.377592808191	0.002485963645	1
294	-0.375506423808	0.597789348074	0.004339863090	1
295	-0.318870626382	0.604607860059	0.002081941456	1
296	-0.347640682632	0.661565440356	0.004466513632	1
297	0.559236200788	-1.040172687461	0.000157362412	8
298	0.585009234203	-0.921191059381	0.003116492739	1
299	-0.523619369838	-0.271062335364	0.002273748799	1
300	-0.589445882572	-0.268700253607	0.003072526376	1
301	0.663325396910	-0.027547708624	0.000646683058	1
302	0.597962571382	-0.027871530540	0.000870381499	1
303	-0.670608378699	0.767798294743	0.001673944920	1
304	-0.724094972671	0.765660735121	0.007225729842	1
305	-0.704482100993	0.711748854128	0.000927077039	1
306	0.437830570291	0.027462480313	0.000997166282	1
307	-0.350856683530	0.543406277182	0.002300805704	1
308	0.398824890918	-0.598415814155	0.002153759189	1
309	0.472552961655	0.077997672740	0.001145755855	1
310	0.451848791695	-0.707113127278	0.002428373469	1
311	0.423650772917	-0.653006953483	-0.000444201581	1
312	0.865324525975	-0.115371351784	0.002751979548	1
313	0.377595015156	-0.904701011382	0.001648384304	1
314	0.431930215912	-0.893427054461	-0.000840160484	1
315	0.403806333385	-0.835429275252	0.002680695205	1
316	0.747582058493	-0.879888814829	-0.003344647475	1
317	-0.475974058693	-0.321236061325	0.003014052042	1
318	-0.369125384160	-0.779433316861	0.002548076321	1
319	-0.475660174155	-0.173507211807	0.002782690002	1
320	-0.541552691014	-0.172644729783	0.002998485992	1
321	-0.500867139830	-0.222792400804	0.002959514324	1
322	-0.454607191325	-0.122327898368	0.003193704723	1
323	-0.490372836718	-0.072908625715	0.003170461078	1
324	-0.519242409865	-0.123508491464	0.003030150067	1
325	-0.244406211980	-0.213532775054	0.002828678368	1
326	-0.269238145832	-0.265421862889	0.002782467624	1
327	-0.209441356814	-0.267017562033	0.002532389909	1
328	-0.580558637820	-0.921372458946	-0.002847075563	1
329	-0.635790546535	-0.908254516616	0.002708510129	1
330	-0.611888641452	-1.026488277041	0.000226498628	8
331	-0.760194748966	0.663695816992	0.002999463976	1
332	-0.771817125913	0.710946884279	0.005093365017	1
333	0.694027963467	-0.893768728209	0.003081585461	1
334	-0.234088786129	-0.320761312694	0.002533823011	1
335	-0.683794104582	0.664216272497	0.005745291263	1
336	-0.456462619338	-0.822408946752	0.002443860506	1
337	-0.624544412979	-0.788975138116	-0.003067403160	1
338	-0.567232175638	-0.799277639785	0.002817328927	1
339	-0.597259992260	-0.735595811649	0.003176860144	1
340	0.596603630501	-0.856609781540	0.002025205169	1
341	-0.745589911638	-0.881388426454	0.003345872993	1
342	0.178202221545	0.695313921285	0.002090619823	1
343	0.125994740308	0.695416552518	0.002063509118	1
344	0.155975596458	0.631285651162	0.002077669247	1
345	0.408119616959	0.079277367620	0.001074303620	1
346	0.073614782534	0.694622758906	0.001996390788	1
347	0.102978033958	0.632556706831	0.001655471593	1
348	-0.791999524863	0.075721967121	0.004074250029	1
349	-0.857654859456	0.077687625880	0.003706062158	1
350	-0.825409480129	0.028594875334	0.001627972280	1
351	-0.162398893089	0.744926983282	0.002883862059	1
352	-0.137607215895	0.809526796783	0.003164941644	1
353	-0.191159472293	0.802043000533	0.001909766964	1
354	-0.026869605820	0.566700944030	0.002539286532	1
355	-0.156007569975	-0.554320104867	0.003091891227	1
356	-0.179353035297	-0.615534317267	-0.001121097884	1
357	-0.127689197232	-0.616443618398	0.004669217998	1
358	-0.140102209642	-0.374925917380	0.002208705645	1
359	-0.109036719616	-0.433111320262	0.002020936426	1
360	-0.082957058417	-0.376882489885	0.002151050581	1
361	-0.594807399682	-0.856054385285	-0.001905538733	1
362	-0.732998524119	0.612500473390	0.003570368444	1
363	-0.450780912769	-0.704379588186	-0.001330855928	1
364	-0.479450050272	-0.757074089811	0.002845284172	1
365	-0.423895166690	-0.768397482127	-0.001251733907	1
366	0.640179841055	-0.679312944306	-0.001060571335	1
367	0.597299061724	-0.736394826007	-0.001550320157	1
368	0.660822041250	-0.729642909634	0.002401925219	1
369	0.418391909211	-0.490261982660	0.000380399187	1
370	0.356828953174	-0.490138545668	0.001978905996	1
371	0.376114717445	-0.544641847737	0.000078893546	1
372	0.438322790438	0.129645873615	0.000990590151	1
373	-0.709851631569	0.562667036523	0.004130881399	1
374	-0.685895924242	0.520076373601	0.002792118728	1
375	-0.860518006711	-0.017254642527	0.002799788240	1
376	-0.893423654312	0.031570556443	0.002256785348	1
377	-0.793536902293	-0.019402840992	0.003962455045	1
378	-0.781232294776	0.567486094870	0.003447968192	1
379	0.082597598084	-0.875130888734	0.000773014598	1
380	0.135617464086	-0.871609634114	0.001218325816	1
381	0.107423234407	-0.806566308511	0.002372125412	1
382	-0.832129472235	0.124616571070	0.001778335409	1
383	-0.763868425247	0.121883567996	0.002046396300	1
384	-0.799003338885	0.170497114892	0.004389118675	1
385	-0.118732550504	-0.216024710129	0.002668771960	1
386	-0.181526622574	-0.215616500493	0.002709219196	1
387	-0.148136432475	-0.267455112080	0.002504979745	1
388	-0.777841226008	-0.503999662173	0.003108215366	1
389	-0.109079366233	0.750507498735	0.001382938239	1
390	-0.025553621264	0.444487082907	0.003115751040	1
391	-0.051575088591	0.503139968260	0.002289117950	1
392	-0.079157760789	0.440426452318	0.002394833491	1
393	0.612498652499	0.522422579000	0.002629757978	1
394	0.544522472832	0.527092349731	-0.000262020234	1
395	0.592289872103	0.472137907289	0.000969071059	1
396	0.614058267459	0.797924296017	0.000001999166	1
397	0.666687291533	0.784209599519	0.004513886607	1
398	-0.354353958689	-0.488060311928	0.001582972662	1
399	-0.411961248729	-0.485807694876	0.001990350392	1
400	0.280425237825	-0.433258263210	0.001899468082	1
401	0.222483936661	-0.432713799908	0.001244051924	1
402	0.241718142692	-0.490342940740	0.002230841946	1
403	0.692961662696	-0.322351129717	-0.000181518244	1
404	0.716293660178	-0.370038574457	0.001155424352	1
405	0.759140613668	-0.314277447508	0.000080964748	1
406	0.668251157295	-0.275186907157	0.000626357002	1
407	0.602225501246	-0.280214681684	0.000132237633	1
408	0.625248077480	-0.329054151137	0.001062923942	1
409	0.292004562607	0.791260488086	0.001197752244	1
410	0.265653547499	0.851094398220	-0.001280269524	1
411	0.231891593378	0.805529011693	0.003906450119	1
412	0.778415195059	-0.211286619936	-0.000476358751	1
413	0.820423123324	-0.163468147455	-0.000290718254	1
414	0.784338753266	-0.363811517422	0.000990942206	1
415	0.785636014339	0.266119665233	0.003320953159	1
416	0.715002932647	0.264780576336	0.002542920786	1
417	0.757871033331	0.216544176866	0.000170418326	1
418	0.323677548084	-0.913735242026	-0.000014605200	1
419	0.547997222177	-0.636933397800	-0.000727858627	1
420	0.483030930067	-0.644921098013	0.001999601841	1
421	0.510275388489	-0.695823942450	-0.001014700347	1
422	0.080066876076	-0.742093525961	-0.001364582839	1
423	0.054757458083	-0.809307909135	0.000833448900	1
424	-0.824367659202	-0.066622100767	0.001377774374	1
425	-0.100485859397	-0.678041061648	0.001531785724	1
426	-0.152244424025	-0.677319807308	0.000710583923	1
427	-0.127394457848	-0.740292532668	0.000329202207	1
428	0.898825856609	-0.067538170993	-0.002099676537	1
429	-0.557866978966	0.026011527635	0.003278587387	1
430	-0.524466665912	-0.024270432258	0.003263585556	1
431	-0.494025011753	0.027597769078	0.003425271155	1
432	-0.526651852548	0.077495850443	0.003372238544	1
433	0.262161899269	-0.549884194465	0.000673052937	1
434	0.232937829739	-0.612342718839	0.000537153134	1
435	0.285943897759	-0.609183424316	0.002277375736	1
436	-0.898678911781	0.131606058282	0.001747253270	1
437	-0.868127322235	0.176060961660	0.004898820382	1
438	0.297440852337	-0.491518248389	0.000592278457	1
439	0.338108005731	-0.436107312672	0.000766431200	1
440	-0.460420080799	0.644294198766	0.004691905084	1
441	-0.495672071705	0.584298866318	0.004769726677	1
442	-0.434289356509	0.589669181467	0.002127692210	1
443	0.164527734319	-0.433861576984	0.002165263302	1
444	0.132301111718	-0.492228771790	0.002457103468	1
445	0.186162329203	-0.490741141891	0.001086208590	1
446	-0.155271750615	-0.803477379884	0.002258861080	1
447	-0.130802359616	-0.871390845238	0.001110694360	1
448	-0.102526264317	-0.806552448043	-0.000252847788	1
449	0.725592922235	-0.118746271151	0.000033478280	1
450	0.418810250939	-0.958638256729	-0.002178065015	1
451	0.148801735355	0.760051895312	0.003422002014	1
452	-0.393828179245	-0.715152771492	0.003269666289	1
453	0.511527004737	-0.384209377052	0.001288785823	1
454	0.579628397599	-0.382967266971	0.000048564272	1
455	0.559286059688	-0.334395481788	0.000736614838	1
456	-0.184126281038	-0.865993201573	0.000132285778	1
457	-0.779063034811	-0.983752617867	-0.001031921673	8
458	-0.990759264048	0.803904771934	0.003987019216	5
459	-0.870219593542	0.827200925160	-0.000215518189	1
460	0.524245758004	0.476408517370	0.002846028514	1
461	0.479382929067	0.530436708912	0.002884727983	1
462	0.456456148397	0.481564388515	0.000224227009	1
463	-0.631043630121	0.575376062436	0.004726393642	1
464	-0.611699843946	0.527688310948	0.003415675048	1
465	0.480830539330	-0.759662293609	-0.001292756808	1
466	0.458523124839	-0.824804193226	-0.001662612526	1
467	-0.857967571171	-0.113803631368	0.001927872652	1
468	-0.892317317897	-0.064314204142	0.003606072431	1
469	-0.850541332512	0.268889888183	0.005818776856	1
470	-0.796782397936	0.313381801118	0.003740549945	1
471	-0.592926882740	0.074174871857	0.003717274389	1
472	0.596170148516	-0.582891812630	0.000220181756	1
473	0.667673259982	-0.574847315561	-0.000672042743	1
474	0.643836762832	-0.527746202304	0.001983627330	1
475	-0.668089649894	-1.012102420927	-0.000540259534	8
476	-0.427795380718	0.029727385056	0.003469477865	1
477	-0.459746144520	-0.020084708095	0.003342744794	1
478	-0.393860049638	-0.018224337505	0.003380022989	1
479	0.302603857708	0.445212985731	0.002481227848	1
480	0.365925149081	0.440027568620	0.000553750685	1
481	0.325923159862	0.497238822817	0.000731207711	1
482	-0.179724164285	-0.738429940447	0.002282298651	1
483	-0.658247797934	0.472967483832	0.004313188965	1
484	0.438561325253	-0.541153431227	0.001893775253	1
485	-0.745294920005	-0.162247121305	0.000175378266	1
486	-0.677588725620	-0.166731872765	0.002416789932	1
487	-0.721342151350	-0.115789681528	0.004165187407	1
488	0.130017264236	-0.614490893164	0.000743131581	1
489	0.181812001392	-0.613626637146	0.002327638833	1
490	0.157264551550	-0.552457174658	0.001590237995	1
491	-0.427408824351	-0.068288338618	0.003191605354	1
492	-0.054256648924	-0.434662148182	0.002033235248	1
493	0.196912513281	-0.994133660774	-0.001905655048	1
494	0.216766123828	-0.929503684795	0.000879640775	1
495	0.163199992358	-0.935885591377	0.000726393901	1
496	-0.726746313336	-0.021201104299	0.004156034370	1
497	-0.658192360227	-0.023508933783	0.003651011963	1
498	-0.691778559794	0.024893536346	0.002141167407	1
499	0.322236157498	-0.379118018922	0.001642934525	1
500	0.159641194027	-0.804275025503	-0.000438182529	1
501	0.212139312099	-0.800299601556	0.003240359293	1
502	0.183442738255	-0.738248053185	-0.001055392502	1
503	-0.555838171472	-0.074994619743	0.003250277248	1
504	-0.541408799669	0.219674556895	0.004664906218	1
505	-0.608645924277	0.215806124233	0.002220635630	1
506	-0.586686536785	0.169203964385	0.004285054608	1
507	0.394673361224	0.180800173534	0.000979094045	1
508	0.331029597686	0.177607493814	0.001267579607	1
509	0.374384058372	0.129440333761	0.001264652002	1
510	-0.613590868084	0.369615337306	0.002940100030	1
511	-0.548855867390	0.379052408886	0.003831543899	1
512	-0.571078852574	0.428161935528	0.003977742826	1
513	-0.210887058373	0.617352931111	0.002146477479	1
514	-0.237791116536	0.553817496685	0.002200834415	1
515	-0.183840172465	0.558908865737	0.003470122545	1
516	-0.327951919804	0.487662332873	0.003987495277	1
517	-0.388426865395	0.485436821283	0.002684071672	1
518	-0.369797186597	0.432451778332	0.004003157508	1
519	-0.838516432131	-0.350015771073	0.000405980046	1
520	-0.815707685395	-0.302785254047	0.003192997804	1
521	-0.389208325697	0.181010800878	0.003497978757	1
522	-0.358188984263	0.131874572353	0.003544175920	1
523	-0.323554350341	0.180214914221	0.003450523474	1
524	0.104823727182	-0.553504691386	0.001536683363	1
525	0.235472922782	-0.735452576542	0.003415953110	1
526	-0.770278032968	-0.209164778612	0.004430073484	1
527	-0.793751202707	-0.255776616910	-0.000460094704	1
528	0.765413574171	-0.614614291158	-0.001782472466	1
529	0.503345163196	0.127686205564	0.000961658136	1
530	0.460427717883	0.179193167246	0.001404762531	1
531	0.328511924330	0.335344930270	0.000893745756	1
532	0.345096880602	0.389476455328	0.002289522539	1
533	0.285214468581	0.388179393323	0.000839290594	1
534	0.078176009018	-0.614990847946	0.002780907799	1
535	0.051950209709	-0.555192798605	0.002529781785	1
536	-0.556800277241	0.123463287356	0.003350635841	1
537	-0.759306957095	0.027199767811	0.001529073131	1
538	0.028331257297	-0.743607697770	0.003659381857	1
539	-0.659223460312	0.617544284376	0.002284871874	1
540	-0.084296193650	0.815753625432	0.001942286965	1
541	-0.411416449079	0.537307699914	0.004287379273	1
542	-0.403540144028	0.653072936953	0.002001766361	1
543	0.382725881576	-0.385614664228	0.001143961986	1
544	0.208013025191	0.631364409351	0.002006485566	1
545	0.182819176045	0.567046583870	0.001455719653	1
546	0.235169964757	0.566905055272	0.002496098315	1
547	0.079075601478	-0.492928483669	0.001455828230	1
548	-0.024974993294	-0.616281843426	0.004007562716	1
549	-0.048794341527	-0.677584058566	0.002678430584	1
550	0.002256408759	-0.677948882773	-0.000222366532	1
551	0.262896820120	0.742983493234	0.002352325267	1
552	0.323179044844	0.727721932001	0.001648965660	1
553	0.639568534432	0.725757034821	-0.000105539174	1
554	-0.183834848481	0.275535042980	0.003009524383	1
555	-0.221400605892	0.225761867487	0.003228578446	1
556	-0.157553987333	0.223240566122	0.003020939187	1
557	0.425701008969	-0.771161296828	0.002689137182	1
558	-0.501772550724	0.430859195807	0.003636375052	1
559	-0.801759329765	-0.552275541266	-0.001195595315	1
560	0.565085912534	0.577733450931	0.003465662979	1
561	-0.485209789834	-0.641437665732	-0.001007820557	1
562	-0.423849404574	-0.651926429923	0.003230222027	1
563	-0.460013088003	-0.591056180190	0.002661907780	1
564	0.317758732976	-0.547947161212	0.002275033225	1
565	0.209280883614	-0.550721683626	0.002036898790	1
566	0.263910990759	0.621819084591	0.001367492841	1
567	0.292069493890	0.677117169034	0.002234517640	1
568	0.235572476327	0.687210614137	0.001928449372	1
569	0.638386335870	0.415804841295	0.002940581881	1
570	0.688513290159	0.363900279366	0.002245548876	1
571	0.709709199340	0.411336043184	0.000242815734	1
572	-0.657893848254	0.169512906135	0.004706917741	1
573	-0.727519431430	-0.261280479218	0.001147186507	1
574	-0.754147010632	-0.453177345779	-0.001023498159	1
575	-0.805518001953	0.621937617953	0.002974634154	1
576	-0.052132191103	0.383808013260	0.002591221136	1
577	-0.110671478823	0.384195949550	0.002681019551	1
578	-0.086765600811	0.329352247862	0.002707999282	1
579	0.401673504427	-0.437751619243	0.001356457606	1
580	0.525083196350	-0.588458494652	0.001668011106	1
581	0.478731699129	0.381135748884	0.002077486689	1
582	0.432287950740	0.434839045598	0.002861690114	1
583	0.411208457239	0.385974252533	0.000424224527	1
584	0.712257687405	-0.670967967552	0.000455217453	1
585	0.077644627490	0.570797463864	0.002148864188	1
586	0.213782734696	0.870670393075	0.004556773713	1
587	0.808313628069	0.314126711548	-0.000083790479	1
588	-0.227381837146	0.126131531052	0.003257299925	1
589	-0.259673804364	0.177154346667	0.003336905465	1
590	-0.292975713998	0.128646720241	0.003457746960	1
591	0.687282837806	0.218183710111	0.000706224663	1
592	-0.683837693867	-0.779496696298	0.003400481580	1
593	0.801069359543	-0.257766388126	0.001478853580	1
594	-0.006380394443	0.756084660099	0.000139763174	1
595	0.020124525045	0.692250578356	0.001804656083	1
596	0.045455675566	0.754382653979	0.004456474056	1
597	-0.477797982495	0.229466289929	0.003155676430	1
598	-0.503954851166	0.277599926150	0.004336297958	1
599	-0.278032356040	0.853403321436	0.000231248171	1
600	-0.329004385804	0.848629908961	0.005486987375	1
601	0.471328926751	-0.283910703727	0.001052882151	1
602	0.408387266581	-0.279868035091	0.001039580965	1
603	0.427504971942	-0.334233012530	0.001198374723	1
604	-0.676917093463	0.358447131070	0.005573492406	1
605	-0.637049988384	0.420290545542	0.003973769206	1
606	-0.814165935694	-0.162627927730	0.001341680690	1
607	-0.301234585594	0.790813631477	0.002531271680	1
608	-0.174753808732	0.866685633020	0.000249925284	1
609	0.237353167614	-0.163526337252	0.001641833505	1
610	0.198974252624	-0.214046175979	0.001779191202	1
611	0.259389842249	-0.218696685985	0.001617266994	1
612	-0.122919413319	0.276601763608	0.002823872873	1
613	-0.146975409907	0.329641633310	0.002760832035	1
614	0.700728129652	0.121583993879	0.000673808720	1
615	0.663520251269	0.171958068964	0.001259803158	1
616	0.633898539777	0.125141606666	0.001036376002	1
617	0.645746356755	-0.226334240536	0.000378747435	1
618	0.711055055091	-0.218252777542	0.000473677218	1
619	-0.294844918822	0.669054333844	0.001863293760	1
620	0.208024484806	-0.111886434034	0.001600166320	1
621	0.173852771594	-0.161268329561	0.001776917005	1
622	0.140285918544	-0.114735195381	0.001824587552	1
623	-0.981791640156	0.434634890584	0.006138941962	1
624	-0.985070655700	0.378412695317	0.000806716578	1
625	-0.921628616994	0.406018401559	0.001759350058	1
626	-0.369176446526	-0.218420628425	0.002771352847	1
627	-0.308130146939	-0.214177380348	0.002955607906	1
628	-0.349281730418	-0.164280308216	0.003063282988	1
629	-0.415918847638	0.381004465929	0.003698979168	1
630	-0.433890528176	0.432359622674	0.003126257504	1
631	0.484582175825	-0.487462782929	0.001031382668	1
632	-0.690311361484	-0.069708989142	0.001811689313	1
633	0.760389903183	0.360789798190	0.003892445719	1
634	0.780829534784	0.409321782427	-0.000436611759	1
635	0.363484076694	-0.970163634418	0.002990280138	1
636	0.307924012653	-0.979278601813	-0.001869896083	1
637	0.337443807606	-1.086404145944	0.000563797286	8
638	-1.084136368054	-0.322712350878	0.000611399734	5
639	-0.283920653070	0.229381193569	0.003461464788	1
640	-0.309471586102	0.280824770195	0.003442849002	1
641	-0.348336914521	0.230256400377	0.003606344992	1
642	0.683374873314	-0.170982933021	0.000543986741	1
643	0.617071344897	-0.178552143727	0.000586464527	1
644	-0.217416397200	0.738834225682	0.002831570740	1
645	-0.245417464173	0.797853256023	0.003342361314	1
646	-0.270889145183	0.734011620467	0.002377891221	1
647	-0.725059044532	0.465135750068	0.003637872323	1
648	0.098344993761	0.226284024456	0.002223101778	1
649	0.134771192855	0.176518553069	0.001999295500	1
650	0.161775078728	0.226997657432	0.001727128062	1
651	-0.257873666552	-0.670823413087	-0.000514422267	1
652	0.804616884065	-0.413675895148	-0.000246772951	1
653	0.850365038726	-0.354380109250	0.000076507298	1
654	-0.475075223233	0.532351591592	0.002556519490	1
655	-0.294162956466	0.546913189870	0.003950300273	1
656	-0.922050360588	0.080669954516	0.002923465924	1
657	-0.135508901728	0.686433633290	0.003592938237	1
658	-0.548852536282	-0.631455906920	0.002691456101	1
659	-0.026466139654	-0.269194467668	0.002240572275	1
660	0.003250189778	-0.321696785529	0.002194995583	1
661	0.035662231064	-0.267435806999	0.002225284853	1
662	0.660542049528	0.464157680007	0.000512181292	1
663	0.131748178024	-0.740524229632	0.004078064615	1
664	0.836204306923	0.122568797493	-0.000297038376	1
665	0.801295244027	0.074347143327	0.001473284422	1
666	-0.589572720459	-0.023992394302	0.003203586055	1
667	-0.164166614133	0.028090463123	0.003161659885	1
668	-0.230994148782	0.027974794364	0.003223216218	1
669	-0.194725239398	-0.021034307941	0.003192691189	1
670	0.124420263647	0.278909377886	0.001938684123	1
671	0.088593956606	0.332825937802	0.002084791992	1
672	0.063731973149	0.277411454692	0.002395409789	1
673	0.147081536484	0.332769138658	0.002218807186	1
674	-0.832251210328	-0.963273061156	-0.000685202749	8
675	0.967241265303	-0.811645210564	0.000456174150	6
676	0.940555766088	-0.860828200143	0.000176344124	6
677	1.000970022557	-0.200581625888	0.001894901095	1
678	1.118475030452	-0.164893992570	0.001054542531	6
679	0.797419519581	0.993492815753	0.002993541563	7
680	0.846618692268	0.976000647926	0.002490305816	7
681	-0.956411573730	0.860760718726	0.004509257095	5
682	-0.133281684714	0.442158040077	0.003157359615	1
683	-0.103339190108	0.501632084063	0.003398253116	1
684	-0.626872793579	0.121767527148	0.002590207597	1
685	0.178310443200	0.814226741309	-0.000042507774	1
686	0.123272867300	0.822828741586	0.004242180321	1
687	-0.544820398868	0.691912461347	0.005310708343	1
688	-0.613075989669	0.673177536409	0.001708651058	1
689	-0.582842681867	0.630787164682	0.005271100386	1
690	-0.217511887863	-0.435454982908	0.002237473618	1
691	-0.274384003357	-0.434432564105	0.001972990361	1
692	-0.240768274563	-0.493017635394	0.001642378980	1
693	-0.224762825548	0.860954335259	0.004717097322	1
694	-0.103677037855	-0.554774276542	0.000489914240	1
695	-0.131743441791	-0.493246036320	0.001514109749	1
696	0.109035339615	-0.432790985368	0.001674881483	1
697	0.388602236332	-0.226007363724	0.001339640620	1
698	0.324094121514	-0.223563121512	0.001313278580	1
699	0.346504601646	-0.275532079873	0.001510923631	1
700	0.266117820732	0.504708754141	0.002580108224	1
701	0.292553781470	0.558077136621	0.000790011673	1
702	0.593547153854	0.175018176832	0.000604686525	1
703	0.750746021121	-0.164807922683	0.001427899647	1
704	0.734460346615	-0.265558210123	0.000431792460	1
705	0.526720696704	-0.128734622687	0.000743608666	1
706	-0.631765737235	0.262843441647	0.005785567493	1
707	-0.590006177417	0.319140279866	0.004921228657	1
708	-0.654730423662	0.310122927767	0.001492953992	1
709	-0.072602457421	0.883788911001	0.000160907329	1
710	-0.120490393569	0.873636938199	0.003908423439	1
711	0.188531228053	-0.867672584578	0.001727732562	1
712	0.307394854029	0.127881759638	0.001315239778	1
713	-0.439121967666	0.282198567751	0.003835827615	1
714	-0.211265033448	0.497280047435	0.003670621538	1
715	-0.156251571682	0.500920322346	0.002253615167	1
716	-0.130753344668	0.562648168929	0.002410148734	1
717	0.378941837864	0.598419673965	0.000482049384	1
718	0.351012796367	0.664492689985	0.001131200507	1
719	0.320279036396	0.612546196021	0.002705044594	1
720	-0.728087717927	0.167801726080	0.004057385046	1
721	-0.695376504695	0.120865957853	0.002420869871	1
722	-0.188529791982	0.681852484671	0.001717230029	1
723	-0.704960294665	0.262486971910	0.004047113963	1
724	-0.517198504009	0.641062638417	0.002028904370	1
725	0.735816454306	-0.418191021290	-0.000712606785	1
726	-0.246058814226	0.278682313076	0.003261975179	1
727	0.028919939737	-0.876863382844	0.001641151962	1
728	0.056607993855	-0.941407370248	0.000805212209	1
729	-0.497618818885	-0.530225532939	0.001890494229	1
730	0.415461384983	0.230956510040	0.001301227414	1
731	-0.424095980578	0.130087333891	0.003355509720	1
732	0.245999205095	0.445208017761	0.000840990206	1
733	0.524149079005	0.325931420514	0.000882480132	1
734	0.457017558859	0.332450800238	0.001058486042	1
735	0.502105618128	0.277711346111	0.001691024153	1
736	0.465429107886	-0.437606331371	0.000906187120	1
737	-0.268061543792	0.493867075500	0.002497241528	1
738	0.103946176984	-0.677221662844	-0.000242577253	1
739	-0.241755471066	0.674069107546	0.003988639918	1
740	-0.055281719207	0.628471884013	0.003160083289	1
741	-0.003187249848	0.630077271949	0.002050442959	1
742	0.681829877801	0.666832636918	-0.000591060198	1
743	0.616519969811	0.672029684893	0.003437620389	1
744	0.155532558877	-0.676363829191	0.003046576823	1
745	0.260229589084	-0.672536540028	0.002648503144	1
746	0.207674778157	-0.674800673602	0.000051819801	1
747	0.703702771160	0.717647146104	0.004032892651	1
748	0.773774284279	0.714682907136	-0.000945259371	1
749	0.823212579074	-0.306086366015	-0.000233481106	1
750	0.795407219982	-0.115865275308	0.001012948349	1
751	-0.195006705135	0.174410225620	0.003080960251	1
752	0.873675144861	0.171319144105	0.003177570843	1
753	0.391117274818	0.336225720939	0.002022601194	1
754	0.491099036540	0.700990841177	0.003105847639	1
755	0.434786605810	0.709230540862	0.000658489166	1
756	0.463864143158	0.644819610045	0.000343261634	1
757	0.461391330014	0.769192744131	0.002000185093	1
758	0.411808018811	0.783287331455	0.002415517055	1
759	0.376863932624	0.839438591296	-0.000794149150	1
760	0.070777129256	-0.017139580699	0.002261654898	1
761	0.105969670852	-0.066967568487	0.002004112297	1
762	0.136862825376	-0.017516418284	0.001919865288	1
763	-0.723585319540	-0.998985753495	-0.000001934438	8
764	0.474201232994	-0.946883219430	0.002900353927	1
765	0.448035244076	-1.065645428700	0.000324215166	8
766	-0.488894279562	0.959099945426	0.000732510635	1
767	-0.433771355734	0.966165086975	0.006075702951	1
768	-0.464096113087	1.072409571295	0.002757635386	7
769	-1.004194128067	0.751170550982	0.004628759514	5
770	-1.055700853403	-0.454207265826	-0.000194967420	5
771	-0.710503265621	-0.829806328670	-0.003000782335	1
772	-0.262025680982	-0.019456623566	0.003307662218	1
773	-0.226902882513	-0.068298284424	0.003164795792	1
774	0.265491559303	0.176415049281	0.001434643947	1
775	0.366566644030	-0.329980336406	0.001177786318	1
776	-0.373525918287	0.282057712874	0.003543482618	1
777	-0.395996150764	0.332061221147	0.003584685442	1
778	-0.463198610500	0.330833320433	0.003547515684	1
779	0.531482143850	-0.433818918597	0.000027743511	1
780	-0.025215935073	-0.493233590814	0.001592594566	1
781	-0.078735816859	-0.493124136017	0.002092300953	1
782	-0.051848958756	-0.555013391468	0.003300247697	1
783	0.616897154619	0.222283822173	0.001591504451	1
784	0.548186654973	0.226065713612	0.001493982252	1
785	0.551565170031	-0.484592548197	0.001175983540	1
786	0.579173684766	-0.231242393416	0.000893783578	1
787	0.503888617966	-0.538086990659	0.000057692526	1
788	0.573461693532	-0.534409335960	0.000536105780	1
789	0.570258619743	0.421657871191	0.001369846486	1
790	0.501432099914	0.428328895073	0.000494110605	1
791	0.547990900959	0.373287581060	0.001545857866	1
792	0.666827082115	0.073232567211	0.000921376823	1
793	0.631269120622	0.022638597614	0.000845406904	1
794	0.696720432484	0.023202459645	0.000835702203	1
795	-0.758218588245	-0.067377482944	0.001017884419	1
796	0.288537041622	-0.730014109154	-0.000636857297	1
797	-0.789061189493	-0.114676435066	0.003871994849	1
798	-0.591038527451	0.477353527232	0.003435336771	1
799	-0.520972904866	0.479609097261	0.003320693640	1
800	-0.541850946512	0.529334714228	0.004414223647	1
801	-0.559721136087	0.581418509914	0.002166811438	1
802	-0.703656292912	-0.214494987547	0.002705858005	1
803	-0.204706681779	-0.675417351773	0.003276431147	1
804	-0.233008152007	-0.733959025613	-0.000004739310	1
805	-0.414508936381	-0.957534673226	0.002738455961	1
806	-0.470090276448	-0.946023953582	-0.002388990066	1
807	-0.445065326542	-1.063689506557	-0.000139820362	8
808	0.952182809162	-0.489588137882	0.004335896364	1
809	1.064770517337	-0.459630538126	0.001035617880	6
810	0.476637242361	0.964561507159	0.004841232325	1
811	0.447732541022	1.073986770674	0.001992727840	7
812	-0.966746178043	0.491850589989	0.000488436738	1
813	-1.084338137750	0.464688188408	0.002800716202	5
814	-0.523571130429	-0.580467182218	0.000108455234	1
815	-0.473049524616	-0.478972410085	0.001774312612	1
816	-0.328218441186	-0.018084779577	0.003433256051	1
817	-0.360854432234	-0.067120522967	0.003198046231	1
818	0.351259424836	0.231193661021	0.001352636823	1
819	-0.481888132030	0.381435236684	0.003795431187	1
820	0.571282808415	0.273656304598	0.000443721893	1
821	0.593975063265	0.320166038592	0.002466732102	1
822	-0.031594534604	0.691139111643	0.003038499141	1
823	-0.057296557084	0.752529869370	0.003969291480	1
824	-0.452960887677	0.482611778561	0.004211743175	1
825	0.363043355209	-0.174240405935	0.001226549103	1
826	0.299707594495	-0.170576134283	0.001480053798	1
827	0.852277165509	0.413576805746	0.000067623986	1
828	-0.527444461862	0.328743271477	0.003399927527	1
829	-0.565471196076	0.269399677033	0.002661893145	1
830	-0.076324602389	-0.616734822322	-0.000804745566	1
831	0.085608294093	-1.002367234046	-0.002111548350	1
832	0.029842120346	-1.003670126311	0.003534996081	1
833	0.057768736465	-1.112754299559	0.000344920109	8
834	0.393013624756	-1.076504550738	0.000059713866	8
835	1.110104929592	-0.220831741023	0.001090289443	6
836	-0.407746925841	1.082965508730	0.003058535050	7
837	-1.069146631529	-0.385254476842	0.000512846279	5
838	0.009690215890	-0.116716549525	0.002355636325	1
839	0.041819868395	-0.067328371022	0.002237683405	1
840	-0.024847008045	-0.067384154924	0.002389180929	1
841	0.064093586443	-0.317022821734	0.002080762595	1
842	0.032397023230	-0.373493734417	0.001965460158	1
843	0.089010719597	-0.372003192044	0.002234001068	1
844	0.479589942662	0.229660673309	0.000757440549	1
845	0.526169741832	0.178204596024	0.000962368495	1
846	0.026631189206	-0.615476572558	0.000154621639	1
847	0.052548105180	-0.677967970420	0.003535598398	1
848	0.351208651492	0.548715574304	0.002792561396	1
849	-0.151606262417	-0.165532153111	0.002706231265	1
850	-0.023678745311	-0.742259829935	-0.000410265405	1
851	0.523566271442	0.636908560099	0.003153491812	1
852	0.500174903876	0.583750365709	-0.000091246501	1
853	0.002164815006	-0.809035762277	0.000695520106	1
854	-0.519530224018	0.761468501604	0.004573952678	1
855	-0.579047639293	0.733677211204	0.001852979595	1
856	-0.433777728185	0.709268295072	0.004629818703	1
857	-0.486344309586	0.705735332592	0.001889211903	1
858	0.020718357408	0.822172463852	0.002374640513	1
859	-0.034058874400	0.819255999945	0.002500327367	1
860	-0.749254277877	-0.308661841066	0.002788840690	1
861	-0.771258779917	-0.356527600961	0.000100927280	1
862	-0.701337800588	-0.360309807933	0.000403777674	1
863	-0.013271703203	0.877181434643	0.003618465029	1
864	-0.558945751623	0.802552258951	0.003520457351	1
865	-0.610476310082	0.789728482354	0.004716483390	1
866	0.731433981057	0.765192142328	0.000401566019	1
867	0.832274105469	-0.067788819842	-0.000221093630	1
868	0.625981116627	-0.787872948607	0.002701608866	1
869	0.388820493661	0.490212724462	0.002766642963	1
870	-0.263139125753	-0.550353490435	0.002825099640	1
871	-0.318628600340	-0.547480721712	0.000772420593	1
872	-0.285729500979	-0.608444814689	-0.000266542133	1
873	0.731302623562	-0.721004820364	-0.000857616230	1
874	-0.637973781569	0.722616580199	0.006002240834	1
875	0.323884993665	0.841304268433	0.003422963332	1
876	0.068968079609	0.175255093804	0.002282738566	1
877	-0.110325332370	-1.109972134447	0.000088695673	8
878	-0.136963341856	-0.998287848610	-0.002365699316	1
879	-0.166605435602	-1.106164748596	0.000221747611	8
880	1.123899995069	-0.109447496478	0.001226823118	6
881	0.105918120280	1.116356250150	0.002050367650	7
882	0.164140691145	1.116677733536	0.002088099731	7
883	-1.130032179534	0.128558473499	0.002044187704	5
884	-1.127497741885	0.184970622880	0.002348281700	5
885	-0.537069158242	-0.746184257422	-0.002151334552	1
886	-0.572937799622	-0.682758222169	-0.001888323679	1
887	-0.450077397202	-0.426525730241	0.001561468980	1
888	-0.324552641691	-0.115419981448	0.003269775016	1
889	-0.257888487673	-0.115751285820	0.003116240463	1
890	-0.294087459616	-0.066964643095	0.003200486502	1
891	0.289280879648	0.227563711709	0.001292571905	1
892	0.602576103118	0.074668890569	0.000784719041	1
893	0.733755691893	0.168953969135	0.001823957614	1
894	0.551813803944	0.686503642604	0.000183524081	1
895	0.903822751699	0.125575155309	-0.000462389843	1
896	-0.231683533233	-0.611824067974	0.004219373898	1
897	-0.208360915125	-0.552203267135	0.000601323230	1
898	-0.185141586650	-0.492300909726	0.002202131877	1
899	0.157568160491	0.506131301086	0.002708128990	1
900	0.130310805389	0.569085729386	0.002298445975	1
901	0.104395009008	0.508482914434	0.001741307650	1
902	0.340139889049	-0.017037497430	0.001302746049	1
903	0.368559797998	-0.072144625150	0.001245643786	1
904	0.403499369278	-0.022399186754	0.001156636507	1
905	-0.510573692038	-0.693348795868	0.003082511700	1
906	-0.390381161212	-0.269730888555	0.003024994630	1
907	-0.391206390604	-0.116109713241	0.003098137404	1
908	-0.122950381426	-0.117069580642	0.002933717366	1
909	-0.086197086721	-0.165157184682	0.002670420994	1
910	-0.056947179864	-0.115102931726	0.002627386776	1
911	0.447160902259	-0.385258356690	0.000739356632	1
912	-0.487195505063	0.126867151580	0.003819917850	1
913	-0.461326191860	0.077468548363	0.003383085283	1
914	0.435812653927	0.282732006258	0.001343584324	1
915	0.537040384485	-0.284292479000	0.000826262355	1
916	0.514186049453	-0.233900648445	0.000617388931	1
917	0.211528845841	0.504750538211	0.000912405051	1
918	0.568267679714	0.126165639475	0.001155284139	1
919	0.205347770099	0.749723223163	0.001067406285	1
920	0.635092212668	0.570471719735	-0.000100159518	1
921	0.551353570807	-0.182079140349	0.000723246003	1
922	0.489646079028	-0.179633370132	0.000935638851	1
923	-0.624375446220	0.024406606766	0.002923368186	1
924	-0.659145449448	0.072957470704	0.004024339699	1
925	0.588893290308	0.625832100552	-0.000261923655	1
926	0.097174133603	0.758025486212	0.000177004684	1
927	0.538124237149	0.075825411756	0.000872050495	1
928	0.537564002870	-0.747642463820	0.002473648887	1
929	0.572104664011	-0.686178741187	0.002115952663	1
930	0.414435203686	0.537931726503	0.000479014428	1
931	-0.297130710301	-0.489667741115	0.002418200163	1
932	-0.162838811135	-0.432771794980	0.001944685053	1
933	0.172698578210	-0.065002279697	0.001743964269	1
934	0.521434145823	0.752887795198	0.000442552626	1
935	0.651394423817	-0.843647113491	-0.001998910097	1
936	0.685458288896	-0.779800576744	-0.002644642353	1
937	0.832711432973	0.363623793419	0.003670639987	1
938	-0.823627319823	-0.461058682393	0.000006386921	1
939	-0.434120629234	-0.221741219857	0.002796851035	1
940	-0.456987863480	-0.271000960776	0.002506893021	1
941	0.262925075117	-0.377241655484	0.001297710121	1
942	0.304932790899	-0.323361870725	0.001341542311	1
943	-0.453394382108	0.180457298363	0.003939399752	1
944	-0.517223917816	0.172934658326	0.002997796286	1
945	-0.247164416365	0.438847396496	0.003627735021	1
946	-0.306593466954	0.436021068908	0.002900618295	1
947	0.451374362009	-0.230553414023	0.000942970440	1
948	0.459605809107	-0.593223058230	-0.000310433944	1
949	0.691776155003	-0.622580757525	0.001125889734	1
950	0.618717091973	-0.630815653905	0.001458188952	1
951	-0.680977453144	0.216235103060	0.002367067569	1
952	-0.083879013092	0.689029004134	0.001597907904	1
953	-0.724686006203	0.308929471570	0.004472444951	1
954	-0.652343722320	-0.118750571338	0.002760306327	1
955	-0.412527551461	0.773423942606	0.003660134366	1
956	-0.465119794637	0.776788368996	0.002131894213	1
957	0.160461937570	0.878081849910	0.000332310509	1
958	-0.075276487519	-0.741439056329	0.002694413577	1
959	-0.050215665720	-0.809060026625	0.002095836070	1
960	-0.077377665813	-0.874899032985	0.001045571939	1
961	-0.208430314187	-0.798088034154	-0.000295891615	1
962	0.739882349957	-0.567875297021	0.002159232830	1
963	0.353046929760	0.779756380533	0.002268662081	1
964	-0.401495186532	-0.833737556235	-0.001081166189	1
965	-0.428453520890	-0.891899185869	0.001357995647	1
966	-0.373377555692	-0.902305303882	-0.000138212551	1
967	-0.056093176157	-0.322812326093	0.002248325687	1
968	-0.025339316204	-0.378016034695	0.002267829378	1
969	-0.024000663100	-0.875952298453	0.000651778221	1
970	-0.051649866718	-0.941476665765	0.000909679094	1
971	0.002028082911	-0.942237012160	0.000710481642	1
972	-0.025584840352	-1.003813492631	-0.002281951008	1
973	-0.081335513906	-1.001847683007	0.003387260041	1
974	-0.054154917470	-1.112694583004	0.000302908001	8
975	0.281892845673	-1.095211015478	0.000106998367	8
976	0.252353343964	-0.987165643616	0.003209289791	1
977	0.226466058370	-1.102113896449	0.000463041510	8
978	1.099202430965	-0.277992502658	0.001198684788	6
979	0.992356175757	-0.253720556969	0.000120471237	1
980	1.113930960330	0.282302112833	0.001723931815	6
981	1.121200095828	0.225179038527	0.001278222493	6
982	0.074581067949	1.017371388750	0.001743719978	1
983	0.044394738078	1.118263525205	0.002109754644	7
984	-0.295012869605	1.099677061196	0.002811115527	7
985	-0.241125779661	1.105198743618	0.002163591385	7
986	-1.027615866007	0.094441959043	0.003926155390	1
987	-1.131178129268	0.070605773917	0.001717018100	5
988	-1.088831961351	-0.266487604195	0.001036302480	5
989	-0.987676792777	-0.249993210020	0.000324842169	1
990	-1.103211485776	-0.204844377955	0.000884514970	5
991	-0.914709132460	0.455706525075	0.004469109438	1
992	-0.190539302094	-0.116316489212	0.003067445695	1
993	-0.158552958429	-0.068894661140	0.003063800611	1
994	-0.022058836296	-0.164892618187	0.002394916151	1
995	0.042365051536	-0.167876525121	0.002200384523	1
996	0.074415171911	-0.117103351661	0.002051885389	1
997	0.138020894264	0.078732871559	0.001834321574	1
998	0.174413357094	0.128594548065	0.001710937141	1
999	0.108074843447	0.127273028283	0.002066631130	1
1000	0.240869695502	0.126321242969	0.001402240451	1
1001	0.309157613510	0.282016172196	0.001670346643	1
1002	0.125078607337	-0.318568900293	0.002021258530	1
1003	0.100364570000	-0.264672275540	0.001931131936	1
1004	0.307241049273	0.033086093482	0.001422378050	1
1005	0.373839398679	0.030622631817	0.001149041882	1
1006	0.342004301360	0.080387217666	0.001174840403	1
1007	0.567140497976	0.024142800844	0.000892454484	1
1008	-0.777607191233	0.264251206864	0.003619350811	1
1009	-0.751771610260	0.215214213306	0.003220915906	1
1010	-0.893806363825	0.225107450224	0.001793744293	1
1011	-0.725476852172	-0.407029987810	0.003158103628	1
1012	-0.115156932786	-0.320524517875	0.002346042547	1
1013	-0.198235538318	0.076246558408	0.003169753374	1
1014	0.690966332086	-0.475002614916	0.000582399404	1
1015	0.718360362801	-0.520384835910	-0.000370215387	1
1016	0.761779534941	-0.465013144396	0.001884957952	1
1017	-0.105921630559	-0.938980907313	0.000524704512	1
1018	-0.500351511426	-1.052058467029	0.000265299762	8
1019	-0.525527061016	-0.933888658419	0.002548875768	1
1020	-0.222529246801	-1.100716276064	-0.000064384120	8
1021	-0.192309110692	-0.993263805254	0.003091970073	1
1022	-0.247985787696	-0.986134074277	-0.002247142504	1
1023	0.503685249242	-1.052884292238	-0.000550149751	8
1024	1.055723256449	-0.520435102919	0.000323592736	6
1025	0.940368028238	-0.543997750263	-0.002880051520	1
1026	1.093426193979	0.398433000102	0.002443799080	6
1027	1.102730464238	0.344119933883	0.001853021530	6
1028	0.510169263777	1.057437172004	0.001799848125	7
1029	-0.353599979389	1.088924879889	0.002286301653	7
1030	-0.523368301538	1.059478305504	0.003319845909	7
1031	-1.074751015348	0.520113480207	0.003575437030	5
1032	-1.131374390116	0.015663038816	0.001666258189	5
1033	-0.994248730034	-0.195084098273	0.002068608109	1
1034	-1.003510428132	-0.691749074760	-0.001076453258	5
1035	-0.883125962440	-0.711699481253	-0.003086315373	1
1036	0.006342370954	-0.018522651429	0.002505869960	1
1037	0.036359375430	0.032289739872	0.002248455752	1
1038	-0.296832377535	0.030503847281	0.003403819002	1
1039	-0.362290410976	0.031902296771	0.003370322369	1
1040	0.204170598566	0.078951279751	0.001633113925	1
1041	0.267050456701	0.333020187351	0.001826668391	1
1042	0.207295447853	0.331435751820	0.001336979224	1
1043	0.248426815959	0.277995837609	0.001332525903	1
1044	0.372727341083	0.283443649912	0.001032477225	1
1045	0.190092851827	0.445633479166	0.002547302480	1
1046	0.134968613564	0.446811299695	0.001404835208	1
1047	0.170043729547	0.387393233252	0.001413038331	1
1048	0.202241462969	-0.378173341397	0.001975670552	1
1049	0.243124622050	-0.324363351339	0.001759811672	1
1050	-0.189003630883	0.441566385579	0.002575655911	1
1051	0.237710530338	0.031605483198	0.001348055594	1
1052	0.170356430033	0.029441911466	0.001754075843	1
1053	0.205599379214	-0.018299661677	0.001695268005	1
1054	-0.158360196802	0.622953347672	0.003518087389	1
1055	0.463807099734	-0.125884495423	0.000913744197	1
1056	-0.161145813162	0.124261167203	0.003082933408	1
1057	-0.092896058945	0.124036116035	0.002839853316	1
1058	-0.129784709883	0.172220726862	0.002821847066	1
1059	0.265184202926	-0.794165445533	-0.000944254324	1
1060	0.432624214748	-0.073887442663	0.000901503590	1
1061	-0.653848286124	-0.413133062510	0.001472720812	1
1062	0.103572298411	0.031766716037	0.002034802265	1
1063	-0.303619126555	-0.978159027492	0.002951456024	1
1064	-0.359155504720	-0.968492963766	-0.002119638219	1
1065	-0.333514600436	-1.084515832502	-0.000047408223	8
1066	1.092410200319	-0.332181773492	0.000863944225	6
1067	-1.104849663458	0.352998900831	0.002655701484	5
1068	-0.092480199930	-0.067326606326	0.002720411720	1
1069	-0.128379783707	-0.018935643750	0.002952952956	1
1070	0.070057489820	0.080347045488	0.002304895181	1
1071	0.272661858759	0.078850251192	0.001475349605	1
1072	-0.056005391289	-0.215903146910	0.002438688508	1
1073	0.225275568700	0.226761621497	0.001638523476	1
1074	-0.396411404293	0.081534685548	0.003588582562	1
1075	0.112801267936	0.389405234844	0.002466841819	1
1076	-0.330162811995	0.332417082211	0.003593770128	1
1077	-0.286369401313	0.383448444875	0.003609547531	1
1078	-0.000275523246	-0.555388412862	0.000814879795	1
1079	0.026790162519	-0.492989429354	0.002442060655	1
1080	-0.225288716850	0.384170527215	0.002857817047	1
1081	-0.167159106224	0.385666806628	0.003045539643	1
1082	-0.078433245676	0.564442961026	0.002908217105	1
1083	-0.106986488261	0.625686852979	0.002156471264	1
1084	0.617401936808	0.367181892585	0.000037307183	1
1085	0.733625425979	0.072850396909	0.001049160426	1
1086	-0.064704356680	0.175152439654	0.002631634438	1
1087	-0.031385957449	0.225466310058	0.002545445852	1
1088	-0.061782302251	0.275392882161	0.002650808521	1
1089	-0.095166709279	0.224231705513	0.002685779265	1
1090	0.027319156958	0.445863770344	0.002047001290	1
1091	0.081041276246	0.448100665361	0.002873522895	1
1092	0.002049561873	0.274766702913	0.002569039288	1
1093	-0.027026350255	0.327034701806	0.002449513300	1
1094	0.273278974964	-0.115137172925	0.001500138013	1
1095	0.827137763992	0.219780637167	-0.000310219035	1
1096	0.643250674076	0.268974437133	0.000915721575	1
1097	-0.206007399245	0.330263342599	0.003142982982	1
1098	0.170486108067	-1.107047632376	0.000149057691	8
1099	0.141367091156	-0.999369855225	0.003453697107	1
1100	0.114289388366	-1.110632336626	0.000415705792	8
1101	0.780631945853	-0.982444100453	0.000006812556	8
1102	0.725611270292	-0.998361623720	-0.000786112597	8
1103	1.125443302413	0.167790940709	0.001256327610	6
1104	0.983715432091	0.819058009058	0.002610345849	6
1105	0.993913144796	0.768176184486	0.001756620559	6
1106	-0.182492446209	1.113796279086	0.002391226372	7
1107	-0.129514368602	1.115659498469	0.001953895340	7
1108	-0.804162253621	0.987193454608	0.003938591608	7
1109	-0.753891319706	0.997461034801	0.004721621936	7
1110	-1.112589447397	-0.147394484591	0.001390529570	5
1111	-1.119537198807	-0.091783405224	0.001149451321	5
1112	-0.967315554015	-0.806505210125	-0.000929973391	5
1113	-0.868595588242	-0.766728417629	0.002757409856	1
1114	-0.985913365821	-0.747846947091	-0.000360990463	5
1115	0.639881900254	-0.907431383819	-0.003199400775	1
1116	-0.060676986474	-0.019615021508	0.002728697678	1
1117	0.200175184651	0.176922176649	0.001655384133	1
1118	0.006012252304	-0.216713969659	0.002271863503	1
1119	-0.331035499457	0.081195344775	0.003384092175	1
1120	0.226843636901	0.387729924331	0.002156147353	1
1121	0.001513569689	-0.432586130481	0.001937981331	1
1122	0.056071759175	-0.431530464552	0.002231284793	1
1123	-0.349284641884	0.382946503487	0.003148197595	1
1124	-0.267147728766	0.330960155851	0.003186096667	1
1125	0.769210000299	0.121734950514	0.000237828809	1
1126	0.035296726668	0.224953298769	0.002301261087	1
1127	0.030945502694	0.329898494800	0.002501228846	1
1128	-0.794810127527	-0.405577913521	0.002374423757	1
1129	-0.175497270301	-0.320824436045	0.002382559124	1
1130	-0.264335296289	0.078312247650	0.003272393014	1
1131	-0.130996704570	0.076146312952	0.002942141249	1
1132	-0.062775845999	0.077451678029	0.002739854445	1
1133	0.220594519025	-0.270039713335	0.001684472516	1
1134	-0.556242205865	-1.039796191453	-0.000408575141	8
1135	-0.389153515574	-1.074534386277	0.000466952282	8
1136	-0.277999884663	-1.093419680635	0.000376015646	8
1137	0.002004661722	-1.113631940346	0.000208320605	8
1138	0.670482064074	-1.012687213917	0.000077441864	8
1139	0.614941506718	-1.026480033131	-0.000537095051	8
1140	1.039168757986	-0.580397053308	0.000931605628	6
1141	1.077383053504	-0.392788513661	0.000878415301	6
1142	1.130615345670	0.001028811982	0.001374542376	6
1143	1.129910984414	-0.051879112513	0.001057006678	6
1144	1.059858188388	0.515346247024	0.002413085741	6
1145	1.075401242608	0.460407307072	0.002115352164	6
1146	1.013437021850	0.705434383025	0.002647405283	6
1147	1.021633772306	0.649252573946	0.001922707433	6
1148	0.567625968061	1.050552669550	0.002268288280	7
1149	0.392814820350	1.083149574754	0.001452653609	7
1150	0.281097643235	1.103872516288	0.001751282032	7
1151	0.332669166025	1.096348327781	0.001980387851	7
1152	-0.008765065095	1.121803488122	0.002250852148	7
1153	-0.694930890489	1.019707214909	0.003698802135	7
1154	-0.643215544586	1.030215698943	0.003878887582	7
1155	-1.058686095240	0.577750435347	0.003140724269	5
1156	-1.095597795029	0.407238929775	0.003195555792	5
1157	-1.112948799828	0.297807863346	0.002916552727	5
1158	-1.047367389116	-0.516980078746	0.000395827307	5
1159	-1.017299079799	-0.636111396564	-0.000107425106	5
1160	-0.283227891533	-0.164272047596	0.002866140415	1
1161	-0.216468890801	-0.164390372581	0.002956691904	1
1162	-0.029326020403	0.028588233509	0.002449497159	1
1163	-0.096091619989	0.028815143864	0.002780510104	1
1164	0.002183248390	0.079475681014	0.002418287496	1
1165	0.039621489278	0.127874843903	0.002266382731	1
1166	-0.026457733595	0.128132724121	0.002466959191	1
1167	0.001380653638	0.177160699792	0.002512414901	1
1168	0.071483689769	-0.217238384800	0.002069711247	1
1169	0.183163755838	-0.322300632508	0.001811057557	1
1170	0.160862947843	-0.265876887030	0.001857362420	1
1171	-0.412891281772	0.232498620247	0.003780905137	1
1172	0.273647059042	-0.014743970623	0.001482422860	1
1173	-0.621435272394	-0.071454378150	0.003088247069	1
1174	0.241993691386	-0.063995442920	0.001508529808	1
1175	-0.378380290952	0.718715816516	0.001949264559	1
1176	-0.585889915397	-0.123878651971	0.002749923663	1
1177	0.335766040545	-0.121188332484	0.001335887136	1
1178	-0.197049212997	-0.376797194576	0.002308815806	1
1179	-0.252841891975	-0.378640157453	0.002205543029	1
1180	-0.346321001594	-0.843921287358	0.001843256521	1
1181	0.270079733562	-0.922822524975	0.001164988251	1
1182	-0.411238106489	-0.169997219883	0.003047754388	1
1183	0.107221758860	-0.165130953946	0.001898937177	1
1184	0.144314628162	-0.376140876541	0.001702812048	1
1185	0.281842122320	-0.271406140292	0.001600931316	1
1186	0.492668470825	-0.333989257863	0.000343523209	1
1187	0.306478111232	-0.065706813041	0.001495447290	1
1188	0.805332393251	0.170629369576	0.002192620108	1
1189	0.582280248110	0.734183352228	0.003226211245	1
1190	0.569521503708	-0.799597754651	-0.002140105902	1
1191	-0.691113513849	-0.893392315212	-0.003513931665	1
1192	1.003983057212	-0.699555219717	0.001021752555	6
1193	0.990141061116	-0.753385392312	0.000131984739	6
1194	0.690769562335	1.020665906339	0.002684869121	7
1195	0.740331789914	1.012974243403	0.002235145362	7
1196	-1.024031731042	0.693464994919	0.003579758132	5
1197	-0.430000636290	-0.373324643858	0.002781545803	1
1198	-0.412201513834	-0.320180019677	0.002084923191	1
1199	-0.741737693562	0.357777973467	0.001955324827	1
1200	-0.265867146310	-0.921481650348	0.000270142849	1
1201	-0.212791051049	-0.928853135945	0.000614693943	1
1202	0.136456280269	-0.212594206819	0.001963472327	1
1203	0.598866450847	-0.431722095242	0.001504401569	1
1204	-0.725915203089	0.073301369449	0.004154705131	1
1205	-0.821480646020	0.220326074205	0.001679114304	1
1206	0.658013021300	0.618183794585	0.003772484216	1
1207	0.728287431771	0.609742852483	0.000966449652	1
1208	0.002392524444	0.385442562903	0.002527495480	1
1209	0.049975240374	0.632671888141	0.002675024689	1
1210	0.619716775115	-0.480519567371	-0.000694283257	1
1211	-0.698659211473	0.412348134398	0.002579000773	1
1212	0.407566985394	0.649801950405	0.003021340185	1
1213	0.382739725639	0.718764865771	0.002421979534	1
1214	0.185625045256	0.279186807476	0.001903107341	1
1215	0.665966418505	0.316031286323	0.001509236175	1
1216	0.427673000746	-0.176619716550	0.001033598212	1
1217	-0.265001216983	0.609888348992	0.003898374681	1
1218	-0.582155590470	1.047140939825	0.003113807621	7
1219	-1.129178273700	-0.035335710917	0.001669927222	5
1220	-0.650807759240	-0.844625390629	0.002115099848	1
1221	0.439922789369	0.588752976704	0.002897217095	1
1222	0.559007243535	0.798008042998	0.003202358763	1
1223	-0.858108309856	-0.404279874861	0.000833162569	1
1224	-0.159354033310	-0.934587211152	0.000588423639	1
1225	0.071657144984	0.822023737039	0.000261218029	1
1226	0.399801638137	-0.125373378330	0.001166289654	1
1227	0.057302853911	0.388776401530	0.002275051960	1
1228	-0.319156030837	-0.912854531759	0.000947361990	1
1229	-0.830490264738	-0.725670070921	-0.002804107622	1
1230	0.110271217421	-0.939266503521	0.001131648165	1
1231	0.667235475558	-0.427076505729	0.000780634394	1
1232	1.024497062391	-0.638369734283	0.000360572011	6
1233	-0.357466162796	0.787489905278	0.003096047237	1
1234	-0.325371781247	0.728443640259	0.003985530133	1
1235	0.870089058041	-0.402013423181	0.000923699840	1
1236	0.736677288564	0.312840449144	-0.000104565104	1
1237	0.647935061978	-0.377850825948	-0.000095694219	1
1238	0.731423505305	0.458547666877	0.004105776676	1
1239	0.242213370965	-0.861354169765	-0.000191096969	1
1240	-0.086507050349	-0.268183221331	0.002398086977	1
1241	-0.827938184410	0.526778540113	0.000840193847	1
1242	-0.979864273672	0.072191346960	-0.000877013951	1
1243	0.802321310008	0.458737833811	0.004246598037	1
1244	-1.041907517284	0.635564200038	0.004098077171	5
1245	0.835309613860	-0.963337311514	-0.000569135661	8
1246	0.951912031231	0.876917946150	0.002227698764	6
1247	0.866781328304	0.834106909358	0.007183473267	1
1248	-0.856944344111	0.958579843139	0.004433201261	7
1249	-0.938187618804	-0.863231716056	-0.000682871220	5
1250	-0.752413068085	-0.761768408649	-0.002875569267	1
1251	-0.940939511565	0.604182366286	0.001623946367	1
1252	1.025096668028	0.025309567969	-0.000936981159	1
1253	-0.851610297751	-0.871934740683	0.003708924691	1
1254	-0.904945908621	-0.939303976823	-0.001135085904	8
1255	0.902262281057	-0.934251449258	0.000184861754	8
1256	0.853851669971	-0.864233173706	-0.004452083772	1
1257	0.916748774171	0.948862490090	0.002731646768	7
1258	0.862387788585	0.883759805335	-0.001675138184	1
1259	-0.935884379760	0.944271032946	0.004308460805	7
1260	-0.875973332630	0.876213351388	0.007968820568	1
1261	-0.780448014097	-0.702012138901	0.003034991447	1
1262	0.224570680944	1.109679118865	0.002148147511	7
1263	0.626452473105	1.038120945908	0.001979171176	7
1264	-0.066793074430	1.118512966804	0.002334787424	7
