0	0.419003611720	0.845499525689	0.177275849559	1
1	0.386136900900	0.834882543759	0.013194929631	1
2	0.273823137128	0.856099378891	0.014124883605	1
3	0.323588692643	0.866712722588	0.195848584859	1
4	0.493535793826	0.794586662525	0.027499080764	1
5	0.276262309019	0.841491335905	-0.145348096505	1
6	0.197206844388	0.864329317145	0.108426110073	1
7	0.156752506649	0.855563526878	-0.078453880790	1
8	0.079200842027	0.851236449923	0.023619596534	1
9	0.509936864877	0.812556004937	0.216818400207	1
10	0.405545270585	0.862976909537	0.366897283360	1
11	0.513369278134	0.819765281703	0.371240445889	1
12	0.384916408804	0.811808347463	-0.152517202263	1
13	0.485221581439	0.769969974872	-0.132992141033	1
14	0.482996515378	0.732991889139	-0.296437213041	1
15	0.150140165825	0.851570058916	-0.224394360107	1
16	0.258823223970	0.827609266323	-0.304501030814	1
17	0.134084700845	0.844699136729	-0.370379420147	1
18	0.016411918180	0.852953006277	-0.285117606635	1
19	0.273389434600	0.798688743102	-0.442734471575	1
20	0.004005833214	0.850606090472	-0.430229873329	1
21	0.148062343677	0.823109327555	-0.501800627587	1
22	-0.011164363932	0.836255510667	-0.551508033825	1
23	0.027357017829	0.848830891843	-0.142444172311	1
24	0.376849848433	0.788183884044	-0.303218628318	1
25	0.291842980134	0.878971966167	0.348989809346	1
26	0.187032584303	0.870519981233	0.243411557950	1
27	0.184136471904	0.875406124384	0.412920766397	1
28	0.285859926836	0.875740316738	0.526814307835	1
29	0.076886406074	0.853621057695	0.310012635724	1
30	0.160598430320	0.864820823306	0.568840409898	1
31	0.060602495964	0.849025715673	0.464172511650	1
32	0.014753093141	0.824670537643	0.599238981331	1
33	0.392740841893	0.859677734306	0.529091026104	1
34	0.055249539093	0.846160126065	0.156297538382	1
35	0.582992909412	0.732445298660	0.013350068779	1
36	0.585082819262	0.758444822857	0.192970864432	1
37	0.654009126984	0.668260901005	0.069650117803	1
38	0.652278001945	0.633321833765	-0.109594968044	1
39	0.653618656061	0.688637733004	0.247265253053	1
40	0.707209381987	0.565050442616	-0.026654346006	1
41	0.704846103014	0.588585933878	0.150988089394	1
42	0.739727893157	0.476472990272	0.049067550217	1
43	0.573228072264	0.703234176105	-0.156780023406	1
44	0.606064640713	0.746507255095	0.393998321438	1
45	-0.315437617928	0.743267942193	-0.074489604484	1
46	-0.270726716709	0.735924133182	0.076831794629	1
47	-0.189140514320	0.786312871438	-0.027252587574	1
48	-0.178693247181	0.810020173655	-0.158866774013	1
49	-0.411319052844	0.687266629568	-0.047010494438	1
50	-0.160698095576	0.776751215968	0.141216393057	1
51	-0.052536212620	0.830292494107	-0.060258772275	1
52	-0.066576905259	0.816523966841	0.069542555650	1
53	-0.394516016055	0.735654735906	-0.222026419399	1
54	-0.285032434311	0.785031203922	-0.218674175127	1
55	-0.467978096430	0.717414041688	-0.377226551879	1
56	-0.260698772506	0.720474935755	0.236178420323	1
57	-0.369692436810	0.678850403968	0.106026481542	1
58	-0.371198786692	0.655509073683	0.251235717264	1
59	-0.046270966461	0.815942351213	0.232419627112	1
60	-0.155684926150	0.768422197998	0.297988364288	1
61	-0.043462417710	0.814706935742	0.382370428206	1
62	-0.180843514179	0.749746182269	0.434542370223	1
63	-0.084246154539	0.792285885206	0.520037487804	1
64	-0.287159664751	0.693686985219	0.380211449340	1
65	-0.232713018065	0.819318847232	-0.347300575213	1
66	-0.105371590442	0.837178521323	-0.238923477424	1
67	-0.117704577547	0.844913732376	-0.386579558331	1
68	-0.273744627048	0.811681513124	-0.488916289132	1
69	-0.152122690361	0.835328647227	-0.523479146520	1
70	-0.358476307011	0.776380905830	-0.367965455915	1
71	-0.473110394402	0.617144772249	0.088245862170	1
72	-0.492964610282	0.650718980531	-0.112021844405	1
73	-0.559922250566	0.586895860780	-0.054971250151	1
74	-0.567490935406	0.544174157017	0.100825258422	1
75	-0.608034956592	0.580113886598	-0.221569056244	1
76	-0.649701012597	0.477018188111	0.063855308302	1
77	-0.647879546089	0.512050702741	-0.087647753571	1
78	-0.722751084471	0.408394126517	-0.015211206598	1
79	-0.476937727736	0.586865789092	0.239213095179	1
80	-0.507368503258	0.671159911169	-0.246695181236	1
81	0.511895926001	-1.148615332371	-0.103789624450	1
82	0.435252987276	-1.093277246280	0.070178614072	1
83	0.405242116973	-1.176894097102	-0.076022810454	1
84	0.348267158115	-1.169202088804	-0.228222731567	1
85	0.605136957690	-1.102428518178	-0.131680512315	1
86	0.329234923386	-1.109936486694	0.096326169584	1
87	0.233997117100	-1.179973546528	-0.186484884897	1
88	0.294069388150	-1.185073662040	-0.038506462395	1
89	0.168475679572	-1.187696053142	-0.020216590050	1
90	0.559856302469	-1.093468772092	-0.299377477040	1
91	0.460281971644	-1.143799458794	-0.255143253319	1
92	0.528976430784	-0.992330318406	-0.434216096801	1
93	0.395538789536	-0.944833216416	0.163187019781	1
94	0.538077554388	-1.061781276955	0.041849579613	1
95	0.473259031820	-0.901365256523	0.145063208211	1
96	0.212888697318	-1.135629780541	0.098913338160	1
97	0.302069336836	-0.965986636851	0.184878968127	1
98	0.211909484131	-0.963338997561	0.206150087419	1
99	0.118581087300	-1.027696034151	0.193041984270	1
100	0.231043407590	-0.757043508900	0.203334534665	1
101	0.068555858701	-0.884368404681	0.250494201994	1
102	0.147499549282	-0.790275813863	0.231999529764	1
103	0.027241433746	-0.717290255043	0.267440299541	1
104	0.065237205323	-1.113078496002	0.118145853111	1
105	0.312059661273	-0.750648633364	0.179411175273	1
106	0.322656333156	-1.079956296950	-0.365330151885	1
107	0.212299779445	-1.103274288792	-0.315897849779	1
108	0.169142035904	-0.987526990519	-0.399257803232	1
109	0.274642520023	-0.950625848740	-0.452188511198	1
110	0.089774312204	-1.099285059033	-0.270940676951	1
111	0.139037363211	-0.850382668918	-0.454757703895	1
112	0.049799398255	-0.985853169388	-0.352176355657	1
113	0.025032849701	-0.844800903210	-0.411007273871	1
114	0.430945476243	-1.054448816554	-0.394198534603	1
115	0.110390061539	-1.169989852164	-0.149178707971	1
116	0.622404309528	-1.006667172654	0.020797532381	1
117	0.690576002452	-1.041798132417	-0.154837118406	1
118	0.763557145895	-0.964841140391	-0.179767805092	1
119	0.699419015875	-0.941441698833	-0.005107604960	1
120	0.736665175671	-0.949919936359	-0.341836216652	1
121	0.762729755101	-0.863218610063	-0.036401362600	1
122	0.824228508975	-0.870099957014	-0.201215476656	1
123	0.813904330650	-0.765556968937	-0.070147779379	1
124	0.546635065198	-0.862391972486	0.120035979476	1
125	0.654072102413	-1.030376986634	-0.317643196553	1
126	-0.312647183011	-1.011876741683	0.115063773205	1
127	-0.255440657775	-1.053592832344	-0.004606010874	1
128	-0.139689585952	-1.104736628969	0.053567225267	1
129	-0.204342762437	-1.027132795115	0.172853208712	1
130	-0.394531828723	-0.967420716618	0.015196594333	1
131	-0.135353363987	-1.096997223886	-0.090016130446	1
132	0.016905545256	-1.150049951840	0.009510619182	1
133	-0.010925433931	-1.143067084721	-0.103691835954	1
134	-0.437655529683	-0.942533271660	0.156015029955	1
135	-0.316905283384	-0.945143410451	0.248907635415	1
136	-0.442763542066	-0.880752108812	0.286758249552	1
137	-0.272269583526	-0.998959406396	-0.121067400737	1
138	-0.393320775802	-0.925190647338	-0.090569707835	1
139	-0.400824834262	-0.828602560500	-0.182161475422	1
140	-0.034332924897	-1.073752863746	-0.228306287480	1
141	-0.161902630445	-1.017914549551	-0.200120338944	1
142	-0.072876910692	-0.958681238064	-0.307292592918	1
143	-0.192820433405	-0.887013808121	-0.283198928134	1
144	-0.086712050796	-0.828209815326	-0.366328936901	1
145	-0.288814128800	-0.894053209749	-0.216537326260	1
146	-0.156462122101	-0.948214127528	0.263997812589	1
147	-0.075430872138	-1.077228986569	0.155834746881	1
148	-0.016674624424	-0.986827849876	0.231680001075	1
149	-0.140991346928	-0.830744581668	0.317381154479	1
150	-0.050784804088	-0.807110562753	0.296431611032	1
151	-0.282753551938	-0.855630083469	0.332659365676	1
152	-0.525275739735	-0.891656480154	0.075852470954	1
153	-0.562077224186	-0.847825400962	0.219376596321	1
154	-0.630663871456	-0.802191891010	0.104551085439	1
155	-0.613639893337	-0.766492628239	-0.020830531678	1
156	-0.675239215543	-0.752555249074	0.240598825716	1
157	-0.706108993418	-0.657505751718	-0.017614561637	1
158	-0.722629815176	-0.703065860577	0.110305611028	1
159	-0.802232136101	-0.589880745257	0.103702154673	1
160	-0.508812207429	-0.852249141335	-0.051942906809	1
161	-0.555307358372	-0.788553024570	0.336108785589	1
162	0.874791283385	-0.204098041343	-0.340016898240	1
163	0.849588161766	-0.049727244061	-0.365674754611	1
164	0.854242851602	-0.165845912485	-0.231425211470	1
165	0.890692435252	-0.342446334226	-0.283292742427	1
166	0.835606170729	-0.126881623838	-0.469380950428	1
167	0.836209883615	-0.003127432521	-0.258979420034	1
168	0.834508397600	-0.260871447135	-0.160142809393	1
169	0.800462128235	-0.053642353726	-0.147884325656	1
170	0.758857016277	-0.155744947035	-0.087528016336	1
171	0.862561391540	-0.278586467841	-0.445714930898	1
172	0.885818141303	-0.408202253114	-0.395476813117	1
173	0.828769040369	-0.482021708761	-0.498069992920	1
174	0.818653892525	0.122329829716	-0.352341431269	1
175	0.809002625862	0.050700621845	-0.460996669096	1
176	0.772790360017	0.218295784628	-0.447136424514	1
177	0.797493062515	0.107242127211	-0.155641512927	1
178	0.808116776028	0.181926151990	-0.247958378179	1
179	0.781957431899	0.279920164411	-0.135533183473	1
180	0.756927980413	0.196302889096	-0.041009310647	1
181	0.769199439738	0.360132395259	-0.232914710254	1
182	0.754732192378	0.337815644111	0.007482534387	1
183	0.754846947151	0.424912812383	-0.094039235154	1
184	0.741788301369	0.043726817759	-0.056434902253	1
185	0.777060696244	0.295458550784	-0.339514409427	1
186	0.899006466524	-0.528520874984	-0.332053351592	1
187	0.882114659845	-0.429180701524	-0.205098850770	1
188	0.880975758019	-0.553629610409	-0.176488213644	1
189	0.891382517030	-0.655063622492	-0.295047310567	1
190	0.802459266838	-0.501628378852	-0.064047967522	1
191	0.868090871666	-0.763851360216	-0.241656524434	1
192	0.858528927789	-0.669298215583	-0.125570503191	1
193	0.847940286928	-0.599216778545	-0.445213855944	1
194	0.805557122821	-0.369528968662	-0.099610385143	1
195	0.770003233523	0.000766407288	-0.553983188173	1
196	0.778137861751	-0.164578006633	-0.567054246549	1
197	0.697385905456	-0.065400422001	-0.640959832157	1
198	0.690311642618	0.099332443066	-0.632968828672	1
199	0.708781248666	-0.252119459441	-0.625589568436	1
200	0.608436743771	0.035301510587	-0.707827817396	1
201	0.618909132231	-0.151617314772	-0.686652553923	1
202	0.526674511192	-0.035249431912	-0.746964214372	1
203	0.735354368301	0.177740080803	-0.550254606850	1
204	0.809903737132	-0.325550693189	-0.534685183620	1
205	0.560456665945	0.098422792002	0.176854984063	1
206	0.508230421132	-0.022261945752	0.108792017082	1
207	0.607918639587	-0.041376414041	0.043227062848	1
208	0.634931381127	0.141002527459	0.135315263617	1
209	0.477426515522	0.105131048382	0.275046794047	1
210	0.593131743794	-0.193574620692	0.015633281360	1
211	0.678757538813	-0.002738036248	0.002127126853	1
212	0.700043318075	-0.207808070510	-0.038707089815	1
213	0.544656827744	0.193630111066	0.367019129393	1
214	0.610616324957	0.232111427754	0.307535227605	1
215	0.618484931406	0.315331575648	0.488829898697	1
216	0.523256725768	-0.236699879821	0.037740026017	1
217	0.432842212207	-0.056596916741	0.125320615543	1
218	0.370041969360	-0.116825247712	0.117749478750	1
219	0.702111500052	-0.356511464763	-0.023454961278	1
220	0.644956889461	-0.419040831010	0.014625298065	1
221	0.756694465849	-0.582880562421	-0.012077808404	1
222	0.601134319863	-0.499586821180	0.046643205570	1
223	0.720576561469	-0.670856079067	0.026157375646	1
224	0.479854484582	-0.315494643574	0.046912352002	1
225	0.671378081618	0.282884936439	0.241375073315	1
226	0.698973065956	0.173264627633	0.066222765189	1
227	0.721139608071	0.303501701355	0.121073871501	1
228	0.706311323105	0.405853521094	0.286570475972	1
229	0.730502421196	0.442105321848	0.169942606725	1
230	0.666336805960	0.365757079890	0.411840375045	1
231	0.405124571232	0.080665061223	0.311094514644	1
232	0.479719706900	0.178668487709	0.485429715798	1
233	0.409925793391	0.141922073538	0.529897323639	1
234	0.332540536453	0.087680661395	0.488768593625	1
235	0.501227813626	0.245089220180	0.677396057166	1
236	0.343185256119	0.125387832676	0.686728665883	1
237	0.428093700496	0.195956116828	0.722282532625	1
238	0.350664053481	0.196559730577	0.854683281373	1
239	0.333990374373	0.027992483114	0.287667098779	1
240	0.559886233971	0.265470481343	0.554595745655	1
241	-0.884141910287	-0.123736293927	0.458130041307	1
242	-0.854972308703	0.033686043260	0.463790913566	1
243	-0.909306721235	-0.080986295571	0.342711330260	1
244	-0.905469939638	-0.241318840620	0.382554865076	1
245	-0.832339285790	-0.054318348785	0.564325508549	1
246	-0.880805466610	0.051072405682	0.332715964268	1
247	-0.925795688613	-0.136185280814	0.236526452762	1
248	-0.904791945271	0.006175559879	0.195673813555	1
249	-0.910005419893	-0.063823379359	0.085225992804	1
250	-0.832496804177	-0.217470317450	0.557955023865	1
251	-0.854329137303	-0.315888350206	0.482658629270	1
252	-0.754877581576	-0.369929355253	0.585907828158	1
253	-0.806894475348	0.166507978885	0.450536892800	1
254	-0.787294195219	0.107454462508	0.577027706066	1
255	-0.730431527198	0.244445201419	0.553678156869	1
256	-0.867861909067	0.125860970165	0.183958548967	1
257	-0.832604058878	0.175005168949	0.315507122296	1
258	-0.806788457577	0.250706469572	0.187050369239	1
259	-0.843413851038	0.188310498134	0.051528864416	1
260	-0.753178932159	0.309137062385	0.293261035250	1
261	-0.796627011117	0.289930728684	0.013267570711	1
262	-0.744830990120	0.355440571023	0.124055158228	1
263	-0.882130263401	0.065978858729	0.039781224905	1
264	-0.745816560142	0.285164919532	0.412661096941	1
265	-0.873701996777	-0.401054276597	0.375937011247	1
266	-0.921169144482	-0.275509905778	0.265606188410	1
267	-0.895042562384	-0.407059014995	0.241123470444	1
268	-0.820591629297	-0.526326875932	0.362689068596	1
269	-0.906869324691	-0.317492575994	0.121222526748	1
270	-0.842783024378	-0.535373784149	0.231514135797	1
271	-0.865399380659	-0.457484232285	0.108375194387	1
272	-0.789175129600	-0.454804158325	0.492479049005	1
273	-0.919138139841	-0.197089589637	0.113722333893	1
274	-0.761159905353	0.026078319862	0.666387924929	1
275	-0.772589043311	-0.134288881598	0.657110477544	1
276	-0.693912871870	-0.075803240563	0.750240447589	1
277	-0.683835905623	0.086170322414	0.757119573988	1
278	-0.646123407339	-0.209110453005	0.744098502791	1
279	-0.607746742364	0.016905866139	0.837604685973	1
280	-0.568596253903	-0.112269532578	0.828456650314	1
281	-0.473187319520	-0.028553303387	0.909862796867	1
282	-0.700345694683	0.196649416592	0.675924644422	1
283	-0.728452388064	-0.271264357844	0.657678574688	1
284	-0.792814755340	0.028787051701	-0.296442607219	1
285	-0.763271243310	-0.111189275123	-0.290804060758	1
286	-0.836343242673	-0.049279018618	-0.178316314416	1
287	-0.829646628546	0.105125540344	-0.200160531829	1
288	-0.717730464477	-0.030810056492	-0.401575568401	1
289	-0.826043586700	-0.174147005153	-0.160327122494	1
290	-0.872587501818	-0.000177804674	-0.070982433793	1
291	-0.886652504985	-0.134754935005	-0.029855877379	1
292	-0.734338664097	0.096719728505	-0.441296238293	1
293	-0.778270655600	0.165553795479	-0.355547568846	1
294	-0.731971480500	0.259459756206	-0.484823215173	1
295	-0.739671670711	-0.244093215397	-0.253128030878	1
296	-0.670396946881	-0.178684637469	-0.366964483842	1
297	-0.631801598419	-0.314711707267	-0.317686833088	1
298	-0.872849625204	-0.259792561005	-0.028581486067	1
299	-0.800761759072	-0.308418043573	-0.140006236627	1
300	-0.853278397902	-0.386806072603	0.000279279470	1
301	-0.774653942624	-0.435926166018	-0.104587132032	1
302	-0.787584804075	-0.532715946776	-0.010404950021	1
303	-0.698781243912	-0.381449197767	-0.221315471947	1
304	-0.790785133054	0.242044850451	-0.278978379143	1
305	-0.845021708260	0.148138670215	-0.092040623431	1
306	-0.807158815703	0.259430176575	-0.136689644597	1
307	-0.754214265824	0.366669651594	-0.277035683610	1
308	-0.756827785251	0.370716349223	-0.129907468594	1
309	-0.742271895068	0.339017333954	-0.413601493539	1
310	-0.635566507976	-0.069994628607	-0.479221628122	1
311	-0.660222337015	0.067866151383	-0.545964390074	1
312	-0.575355903381	0.023178814243	-0.614457560455	1
313	-0.535003884863	-0.101620773285	-0.547420149735	1
314	-0.610280677945	0.167731561559	-0.671835785166	1
315	-0.473524470080	-0.007213168018	-0.677015725878	1
316	-0.525669727537	0.127464952297	-0.738344928933	1
317	-0.425336361606	0.096226658627	-0.793556479051	1
318	-0.571439103921	-0.208391623199	-0.435006648776	1
319	-0.688959058853	0.203216629572	-0.569362775573	1
320	-0.099440089153	-0.104967884186	0.778512985013	1
321	-0.014335515505	-0.051938397752	0.784009176158	1
322	-0.072773344500	0.035376850260	0.939572719767	1
323	-0.182322054637	-0.122057973474	0.818253036406	1
324	-0.066705034874	-0.157581545986	0.598146417646	1
325	0.054037423397	0.007531240871	0.822869792754	1
326	-0.160119445934	0.025583016354	0.955128272077	1
327	0.016250214813	0.109534207638	0.943665507596	1
328	-0.017079458091	0.206602087174	0.968882825356	1
329	-0.140016020743	-0.231230083380	0.588616224566	1
330	-0.199844068405	-0.237662432944	0.662649839343	1
331	-0.263192244612	-0.386493029075	0.562898056987	1
332	0.065416836973	-0.054255910820	0.591224450647	1
333	-0.000182364519	-0.109031675366	0.575279354349	1
334	0.068824745574	-0.121754921430	0.361943449836	1
335	0.126219712198	0.180798050745	0.971860604905	1
336	0.128273839535	0.038014461717	0.809265639284	1
337	0.199485402410	0.080722528216	0.818648245367	1
338	0.188811048205	0.271065145024	1.022762792008	1
339	0.196095932414	0.025754694674	0.573903680045	1
340	0.262713920126	0.220749274440	0.956978562729	1
341	0.270917521555	0.105095006677	0.778473982775	1
342	0.030536894027	0.203194515407	0.968663994946	1
343	0.131226221804	-0.013925037729	0.575242289626	1
344	-0.269924522502	-0.121333168561	0.859441412867	1
345	-0.239231514970	0.044879473273	0.981065798923	1
346	-0.359809111238	-0.088838383706	0.899329408879	1
347	-0.365231614701	-0.238847094258	0.768701328563	1
348	-0.268135013138	0.133836019854	1.006214353989	1
349	-0.455831707899	-0.173495345120	0.827798542951	1
350	-0.372605821623	0.069548407070	0.970126754956	1
351	-0.281600747122	-0.261875389937	0.704067854965	1
352	-0.087721399939	0.201593663676	0.973257190535	1
353	-0.041230661147	-0.239689326234	0.389016381576	1
354	-0.098887665206	-0.288603252898	0.431773707356	1
355	-0.037030842859	-0.432462025587	0.290722869218	1
356	0.021634858314	-0.376813393943	0.244094992472	1
357	-0.118038242254	-0.436296412210	0.374803845701	1
358	0.054471506461	-0.586437435212	0.235697730844	1
359	-0.054644944994	-0.587070266916	0.304592651826	1
360	0.015309212593	-0.181970967339	0.364497250280	1
361	-0.179883378146	-0.359879863966	0.490164510555	1
362	0.044172374311	0.518636275940	1.058938113677	1
363	-0.108026686692	0.499611509043	1.029386394121	1
364	-0.020244013676	0.390641868897	1.061748015816	1
365	0.218682847524	0.548826604591	1.049344096572	1
366	-0.026785047830	0.623114556964	0.987105343706	1
367	-0.138864571543	0.327472253111	1.037487641659	1
368	0.102034537161	0.400374677425	1.078957333745	1
369	-0.057398382107	0.260058594360	0.991711592715	1
370	0.123771287813	0.631982260579	1.013093181253	1
371	0.296208063418	0.645094256943	0.982457947649	1
372	0.373129136328	0.720458085790	0.883490783734	1
373	-0.233104772512	0.415002730697	1.009798115127	1
374	-0.179365727469	0.574096136310	0.950105545333	1
375	-0.304371621519	0.485612781011	0.932359305706	1
376	-0.237947029043	0.230303489400	1.022947306560	1
377	-0.337298395584	0.313047583684	0.991625811845	1
378	-0.430125275749	0.206808809811	0.960179400074	1
379	-0.509819334704	0.277436984352	0.880492700980	1
380	-0.513975220597	0.101604642241	0.912116624603	1
381	-0.415614624033	0.381782581739	0.911360569343	1
382	0.288819074713	0.426201056636	1.041321930296	1
383	0.170854778528	0.353670072493	1.063302933475	1
384	0.366464632064	0.333784755345	0.968947075195	1
385	0.441080071910	0.447637457762	0.945790178180	1
386	0.437841052156	0.292024399795	0.868805494389	1
387	0.376124180065	0.546021997836	0.985838802714	1
388	-0.125711098435	0.669630937415	0.878930621850	1
389	0.030628244088	0.716779000962	0.910912671073	1
390	-0.020662091819	0.761148662601	0.800088824341	1
391	-0.182819179581	0.690669687371	0.774664802453	1
392	0.134896773340	0.790507531661	0.828081674692	1
393	-0.086761961771	0.767403947735	0.691568685509	1
394	0.082386932390	0.824198029702	0.708250367543	1
395	-0.283227742889	0.585142668462	0.841751429520	1
396	0.185899290731	0.717854044728	0.940791675632	1
397	-0.049175186875	0.516281752665	-0.963503130710	1
398	0.164384397602	0.519338584371	-0.906044427797	1
399	0.021344778417	0.442553524026	-0.972041104407	1
400	-0.175076880511	0.386050784618	-0.982596007289	1
401	0.021326435282	0.593686165779	-0.917592126966	1
402	0.146494383890	0.392869606689	-0.944723924286	1
403	-0.026790949071	0.336869682193	-0.982468606792	1
404	0.104847494473	0.266400097743	-0.952887345535	1
405	0.006978461029	0.178679070143	-0.944338436111	1
406	-0.144822990289	0.643050093280	-0.899316799103	1
407	-0.179899600035	0.519739804455	-0.960057013370	1
408	-0.286959194660	0.583204225971	-0.907446125672	1
409	0.284952755723	0.426508840040	-0.880695212909	1
410	0.198963387819	0.607042650715	-0.838866501439	1
411	0.316191256657	0.534031964891	-0.812917460847	1
412	0.253740997878	0.282840171501	-0.909738405988	1
413	0.359601306558	0.324274063421	-0.856111176437	1
414	0.356094377824	0.163796028333	-0.853421039085	1
415	0.272388028797	0.093508877603	-0.866563415789	1
416	0.456990429685	0.258452828709	-0.803233689891	1
417	0.404353283503	0.003450175117	-0.799571729927	1
418	0.476762991865	0.115798884113	-0.790559590123	1
419	0.179532430756	0.157736935356	-0.908717572872	1
420	0.423394294083	0.434161603216	-0.785095704971	1
421	-0.309894573633	0.454236378818	-0.947169531313	1
422	-0.220773675330	0.281361278689	-0.962786334876	1
423	-0.328225486451	0.295389465627	-0.934595067877	1
424	-0.421524225425	0.372013685484	-0.897725787931	1
425	-0.220478483245	0.131746841549	-0.902612157746	1
426	-0.459388063663	0.237460377552	-0.847413422889	1
427	-0.343151479658	0.170660496315	-0.883018540972	1
428	-0.426317524729	0.508124978660	-0.870568774348	1
429	-0.109790047904	0.221597824327	-0.958919273276	1
430	0.105092432108	0.679871227337	-0.821051354958	1
431	-0.034736089718	0.696367221635	-0.846584592522	1
432	0.016641114099	0.768254100032	-0.735653551786	1
433	0.175092165790	0.726765705314	-0.723116727673	1
434	-0.134998440059	0.751913391841	-0.780153165673	1
435	0.076806484996	0.802555713589	-0.632670206693	1
436	-0.104851513264	0.808981780441	-0.661704271995	1
437	0.296311229308	0.651632400041	-0.727938589016	1
438	-0.259363932286	0.692650980402	-0.826910045408	1
439	0.133323974260	-0.276533289953	-0.678704039117	1
440	0.005139558053	-0.176677146718	-0.717859554397	1
441	0.061289989791	-0.098977745131	-0.782331836014	1
442	0.152650401530	-0.110151787831	-0.781919605559	1
443	0.069937216333	-0.340185953671	-0.626222420646	1
444	-0.076466536862	-0.040870843766	-0.808604716181	1
445	0.127105778904	0.067855811171	-0.883185426795	1
446	0.022024995788	0.031253366508	-0.867879261849	1
447	0.200363472510	-0.468266559340	-0.604772229229	1
448	0.225333160438	-0.295710768806	-0.686573078149	1
449	0.300591685540	-0.444080136039	-0.638776737820	1
450	-0.114501611837	-0.154212214154	-0.706487260230	1
451	-0.046978723939	-0.281161509584	-0.628018757001	1
452	-0.151809251370	-0.294497558983	-0.582378780310	1
453	-0.102150977843	0.083831551961	-0.895180428546	1
454	-0.194710792416	-0.043979797981	-0.780328732835	1
455	-0.257989743069	0.026164889476	-0.818251418037	1
456	-0.304449769200	-0.127058520891	-0.662908486849	1
457	-0.345658100986	0.006059455367	-0.766518718842	1
458	-0.217642200325	-0.181941737406	-0.648894862634	1
459	0.289515686545	-0.236626078295	-0.721548557376	1
460	0.234286207082	-0.063832473112	-0.805656935895	1
461	0.336167857211	-0.075468105171	-0.789495024792	1
462	0.394571035913	-0.226436177799	-0.725699187896	1
463	0.483212049469	-0.160942313932	-0.732181305355	1
464	0.393589399500	-0.397520940796	-0.667433126618	1
465	-0.015521886428	-0.421987615420	-0.553378180936	1
466	0.103859155567	-0.496587844466	-0.562498139502	1
467	-0.016383424715	-0.550140187624	-0.495345163820	1
468	-0.141428894196	-0.582480662833	-0.431697718613	1
469	0.124954778930	-0.627596622424	-0.523840877539	1
470	-0.058201083414	-0.688149287411	-0.429386093447	1
471	0.055141901795	-0.703199971477	-0.471915279276	1
472	-0.120927269663	-0.432805893579	-0.507648013873	1
473	0.252166840702	-0.627400834616	-0.566078033321	1
474	0.625802759681	0.604700322681	0.659445078591	1
475	0.558864977389	0.711155511471	0.684975628545	1
476	0.520247189263	0.649385235066	0.814459558550	1
477	0.597667094906	0.531659175916	0.746681521897	1
478	0.663257357234	0.617865823815	0.519787293035	1
479	0.467528163918	0.800104974572	0.661259409745	1
480	0.457452404746	0.596867005342	0.910448997472	1
481	0.428735023406	0.766919058828	0.778527155753	1
482	0.670406756055	0.485829843198	0.544269336176	1
483	0.633822454388	0.426791759391	0.627457758184	1
484	0.502057693786	0.815203464555	0.520716437347	1
485	0.594772741218	0.731346337214	0.547959068630	1
486	0.268535207311	0.789901284386	0.833661100119	1
487	0.339913621014	0.838894851594	0.691873621719	1
488	0.222855846958	0.847686830807	0.693927292281	1
489	0.578590089943	0.356085712303	0.695662075750	1
490	0.548000903254	0.478278748909	0.828630354026	1
491	0.514255032050	0.355919215388	0.822151690610	1
492	0.672964329960	0.644511985789	0.390114441451	1
493	0.698400795541	0.499527685338	0.409497408733	1
494	0.709278269653	0.555729457911	0.282771161220	1
495	-0.572024659845	0.454804150569	0.521667858039	1
496	-0.474771017063	0.500637500187	0.679391796373	1
497	-0.475758827174	0.539690875349	0.539428445478	1
498	-0.562688548476	0.493661605865	0.384640551967	1
499	-0.558512876253	0.414230724170	0.672536413850	1
500	-0.376477860181	0.612844431733	0.569496931267	1
501	-0.472796429332	0.568624035982	0.378879989862	1
502	-0.383609992671	0.627917149538	0.417322299489	1
503	-0.643081791537	0.336474316879	0.618919842467	1
504	-0.663565924326	0.368414526368	0.481292754224	1
505	-0.374127971539	0.577936284722	0.714415710527	1
506	-0.403565977827	0.487085067482	0.824813754515	1
507	-0.278671005677	0.684961344642	0.537247724386	1
508	-0.275330509451	0.657661798637	0.695301715399	1
509	-0.181509881841	0.734638197077	0.604093063627	1
510	-0.655120558142	0.412906338398	0.346585927170	1
511	-0.581973174789	0.505187333623	0.231740465196	1
512	-0.681464751434	0.413979952533	0.210479922515	1
513	-0.517015354236	0.387536326565	0.789903474091	1
514	-0.615956027855	0.273361239866	0.751528999622	1
515	-0.594360315459	0.179504570590	0.832777560175	1
516	0.635038469716	0.467046653802	-0.513727587596	1
517	0.549266288391	0.536814416514	-0.572965530736	1
518	0.542276758133	0.625036003268	-0.453008920356	1
519	0.640255378702	0.537545734941	-0.404159820609	1
520	0.599006635049	0.388936522000	-0.633189927526	1
521	0.454698684103	0.627677085474	-0.589072927073	1
522	0.572114946132	0.656477802160	-0.313964132605	1
523	0.448028192236	0.707599962012	-0.444519478753	1
524	0.690875098624	0.324061963952	-0.543036809241	1
525	0.719851797677	0.378460131495	-0.432950867894	1
526	0.411418868564	0.570468913751	-0.706463455507	1
527	0.501966803205	0.475194976071	-0.687938978915	1
528	0.356652835770	0.747031539712	-0.488524116217	1
529	0.340107194858	0.700150522417	-0.614389547402	1
530	0.220433323230	0.768901300991	-0.604224065974	1
531	0.715724622942	0.459529173087	-0.320812547816	1
532	0.653656207459	0.586309676338	-0.258645354124	1
533	0.719843284769	0.504582432923	-0.180788992373	1
534	0.527057640946	0.328799591691	-0.735843386266	1
535	0.639153103617	0.250625736400	-0.650617505991	1
536	0.576469214969	0.175110427108	-0.725993648111	1
537	-0.605574940112	0.526138891037	-0.641800629831	1
538	-0.536050420564	0.653483522730	-0.564659095973	1
539	-0.503549463153	0.632439178859	-0.690064658095	1
540	-0.599209576396	0.437523677935	-0.718428671901	1
541	-0.617168180080	0.575430245216	-0.507219243175	1
542	-0.400582174727	0.714516561929	-0.689170759646	1
543	-0.505160610456	0.549521226380	-0.776201265888	1
544	-0.390585426361	0.632870659937	-0.816293661227	1
545	-0.681788207090	0.461512241069	-0.509761075140	1
546	-0.679938076691	0.379930764619	-0.586651637706	1
547	-0.469422999751	0.715915968371	-0.520949612486	1
548	-0.569058609357	0.637984380824	-0.384055340627	1
549	-0.295356397846	0.750523278658	-0.719850050733	1
550	-0.374875324119	0.768681198425	-0.538728824074	1
551	-0.239582466927	0.797163477577	-0.640677931081	1
552	-0.638522231707	0.301781674954	-0.674862176050	1
553	-0.526491862697	0.404305617287	-0.813781982904	1
554	-0.551109402350	0.280416182404	-0.782500384406	1
555	-0.645779884233	0.553240567010	-0.344799253819	1
556	-0.702567524585	0.462926833102	-0.372755030114	1
557	-0.698012230509	0.469779652886	-0.205943480500	1
558	0.356936761323	-0.396341371194	0.083336032248	1
559	0.183340358565	-0.233765948637	0.159121769117	1
560	0.306638162530	-0.449541955617	0.103885472878	1
561	0.486594983376	-0.606736069106	0.103893765063	1
562	0.238759501593	-0.186696374274	0.146330126753	1
563	0.245184320453	-0.482933259636	0.129506453067	1
564	0.433533496539	-0.662525514282	0.130207764691	1
565	0.366718075162	-0.694790780719	0.154523158606	1
566	0.301787923300	-0.148859617228	0.132209417120	1
567	0.417079836533	-0.355749202668	0.064573545651	1
568	0.126972215900	-0.276149659816	0.182355529814	1
569	0.128461442215	-0.078365980479	0.342222594635	1
570	0.193330873666	-0.534609983007	0.158997775530	1
571	0.077230231546	-0.332139874704	0.205848689082	1
572	0.128148689222	-0.569562681813	0.194866682064	1
573	0.546601514724	-0.561895779141	0.077320567665	1
574	0.606022576162	-0.800476401373	0.096302643739	1
575	0.665841276138	-0.738950523702	0.064102717690	1
576	0.192275088221	-0.037885728528	0.326371214530	1
577	0.259691448018	-0.001138770937	0.312773968405	1
578	0.261049756125	0.057494275751	0.544310374665	1
579	-0.507127966199	-0.575532504244	0.542304456132	1
580	-0.395362736896	-0.642057059974	0.483778072025	1
581	-0.392110119825	-0.497677140201	0.567823165811	1
582	-0.513670936816	-0.456668418623	0.625826986533	1
583	-0.578298490308	-0.654338149659	0.470910704288	1
584	-0.291314638069	-0.663961258259	0.431632923688	1
585	-0.357096923667	-0.378748235626	0.637153141504	1
586	-0.285140736519	-0.524215131671	0.493692567930	1
587	-0.684633510846	-0.558080955395	0.502322623782	1
588	-0.639444576035	-0.488390409416	0.580786694388	1
589	-0.382192736331	-0.792141770215	0.384746037029	1
590	-0.491068028153	-0.733036571676	0.422979789055	1
591	-0.195715258011	-0.519629548023	0.422884769101	1
592	-0.217480303621	-0.725117703981	0.375857217249	1
593	-0.130189311071	-0.632815726284	0.350016923714	1
594	-0.626774482964	-0.367942526293	0.667596642638	1
595	-0.464830748849	-0.350572163453	0.697925424959	1
596	-0.538144737436	-0.271284855978	0.752163366998	1
597	-0.670305890413	-0.697988038838	0.363797716812	1
598	-0.741762425004	-0.606198763381	0.399368470010	1
599	-0.771089769166	-0.649508664032	0.242379281663	1
600	0.629920512442	-0.575602436438	-0.602255253083	1
601	0.558936024724	-0.822931622542	-0.531142021740	1
602	0.529782966174	-0.677595580955	-0.590023592890	1
603	0.578647302626	-0.451111206548	-0.642419947782	1
604	0.651994958160	-0.740646568064	-0.545924549034	1
605	0.419142133842	-0.719943663444	-0.572410299759	1
606	0.478288166994	-0.542803191686	-0.629908927628	1
607	0.359306476402	-0.576974912135	-0.607453112757	1
608	0.740842022269	-0.659259650056	-0.529287451470	1
609	0.740188534951	-0.506051544179	-0.571239949649	1
610	0.458228339007	-0.878447161136	-0.513204864834	1
611	0.633942305564	-0.933890620611	-0.443837066755	1
612	0.315640810212	-0.761144745022	-0.540674006786	1
613	0.361023705400	-0.912459469851	-0.488686210476	1
614	0.210739393747	-0.778944122582	-0.505523735862	1
615	0.704873219815	-0.387316350530	-0.612738547701	1
616	0.493869828025	-0.354283656350	-0.679095102199	1
617	0.579138039937	-0.285409763493	-0.678174342025	1
618	0.718061466520	-0.817082434137	-0.472897892011	1
619	0.833417274052	-0.726677125465	-0.411543751996	1
620	0.804012920465	-0.845967241095	-0.357832798822	1
621	-0.453758424710	-0.493500126855	-0.331413423678	1
622	-0.339937407578	-0.426871853358	-0.421810351917	1
623	-0.456160501905	-0.630101558822	-0.260412449847	1
624	-0.556195066724	-0.578234433833	-0.225581445059	1
625	-0.419371031874	-0.349708871359	-0.430747116299	1
626	-0.344180662522	-0.564178372444	-0.350828109358	1
627	-0.502915693852	-0.748177550852	-0.161067830362	1
628	-0.373439575263	-0.717054747445	-0.265769477961	1
629	-0.513241445254	-0.316791423045	-0.399699898171	1
630	-0.552415820550	-0.430655131665	-0.308287013026	1
631	-0.225679406682	-0.429577719337	-0.468006175240	1
632	-0.268146566319	-0.305020157957	-0.529577292807	1
633	-0.279332318523	-0.741623216224	-0.306298054075	1
634	-0.247493207668	-0.580851712697	-0.387302309059	1
635	-0.179728125653	-0.732171724432	-0.359622327126	1
636	-0.643855066660	-0.491620837006	-0.207990242105	1
637	-0.599031866182	-0.682702877715	-0.124521832011	1
638	-0.691079465599	-0.561534221703	-0.120567790729	1
639	-0.353393570208	-0.240526144603	-0.541068326948	1
640	-0.455221281590	-0.198104384043	-0.521346473581	1
641	-0.407102978783	-0.098028701342	-0.638065373463	1
